0.0020000000 0.0000000000 -0.0027798522 0.0000000000
0.0040000000 0.0019777612 0.0028023628 0.9888805913
0.0060000000 0.0039779413 0.0028241896 1.0000900425
0.0080000000 0.0060007149 0.0028448561 1.0113868009
0.0100000000 0.0080462473 0.0028646193 1.0227662254
0.0120000000 0.0101146967 0.0028838133 1.0342247028
0.0140000000 0.0122062166 0.0029029326 1.0457599560
0.0160000000 0.0143209600 0.0029223672 1.0573716864
0.0180000000 0.0164590823 0.0029424911 1.0690611553
0.0200000000 0.0186207446 0.0029636647 1.0808311197
0.0220000000 0.0208061161 0.0029862397 1.0926857786
0.0240000000 0.0230153776 0.0030105604 1.1046307374
0.0260000000 0.0252487236 0.0030369637 1.1166729789
0.0280000000 0.0275063652 0.0030657777 1.1288208338
0.0300000000 0.0297885331 0.0030973296 1.1410839448
0.0320000000 0.0320954796 0.0031319471 1.1534732633
0.0340000000 0.0344274817 0.0031699648 1.1660010519
0.0360000000 0.0367848436 0.0032117333 1.1786809111
0.0380000000 0.0391678992 0.0032576305 1.1915278442
0.0400000000 0.0415770160 0.0033081131 1.2045583661
0.0420000000 0.0440125976 0.0033636429 1.2177908186
0.0440000000 0.0464750884 0.0034248955 1.2312453902
0.0460000000 0.0489649783 0.0034927346 1.2449449722
0.0480000000 0.0514828102 0.0035681338 1.2589159105
0.0500000000 0.0540291871 0.0036521859 1.2731884456
0.0520000000 0.0566047814 0.0037458025 1.2877971891
0.0540000000 0.0592103422 0.0038493155 1.3027803990
0.0560000000 0.0618466976 0.0039631287 1.3181776609
0.0580000000 0.0645147579 0.0040869997 1.3340301759
0.0600000000 0.0672155143 0.0042197580 1.3503781748
0.0620000000 0.0699500287 0.0043591160 1.3672572069
0.0640000000 0.0727194160 0.0045013662 1.3846936709
0.0660000000 0.0755248143 0.0046411683 1.4026991357
0.0680000000 0.0783673419 0.0047713144 1.4212638087
0.0700000000 0.0812480400 0.0048832581 1.4403490664
0.0720000000 0.0841678042 0.0049675001 1.4598820988
0.0740000000 0.0871273084 0.0050172559 1.4797520994
0.0760000000 0.0901269507 0.0050283751 1.4998211229
0.0780000000 0.0931668199 0.0049961720 1.5199346235
0.0800000000 0.0962466585 0.0049266925 1.5399193113
0.0820000000 0.0993659107 0.0048291917 1.5596260813
0.0840000000 0.1025237964 0.0047132439 1.5789428482
0.0860000000 0.1057193880 0.0045877917 1.5977958236
0.0880000000 0.1089516820 0.0044606662 1.6161469903
0.0900000000 0.1122196613 0.0043378717 1.6339896552
0.0920000000 0.1155223436 0.0042235462 1.6513411421
0.0940000000 0.1188588143 0.0041202811 1.6682353268
0.0960000000 0.1222282472 0.0040293887 1.6847164513
0.0980000000 0.1256299152 0.0039511662 1.7008340062
0.1000000000 0.1290631925 0.0038851175 1.7166386709
0.1020000000 0.1325275508 0.0038301249 1.7321791409
0.1040000000 0.1360225501 0.0037846107 1.7474996406
0.1060000000 0.1395478263 0.0037466227 1.7626380833
0.1080000000 0.1431030754 0.0037142715 1.7776245740
0.1100000000 0.1466880387 0.0036865489 1.7924816600
0.1120000000 0.1503024944 0.0036637479 1.8072278555
0.1140000000 0.1539462601 0.0036447378 1.8218828470
0.1160000000 0.1576191837 0.0036297471 1.8364617982
0.1180000000 0.1613211453 0.0036180208 1.8509807865
0.1200000000 0.1650520510 0.0036071267 1.8654528697
0.1220000000 0.1688118138 0.0035933541 1.8798813764
0.1240000000 0.1726003234 0.0035716743 1.8942547929
0.1260000000 0.1764174064 0.0035357952 1.9085414899
0.1280000000 0.1802627757 0.0034790798 1.9226846709
0.1300000000 0.1841359777 0.0034001060 1.9366009900
0.1320000000 0.1880363805 0.0032970892 1.9502014139
0.1340000000 0.1919631601 0.0031693332 1.9633897705
0.1360000000 0.1959152943 0.0030264395 1.9760671033
0.1380000000 0.1998916400 0.0028795796 1.9881728613
0.1400000000 0.2038910223 0.0027369525 1.9996911798
0.1420000000 0.2079123003 0.0026035124 2.0106389896
0.1440000000 0.2119544064 0.0024813550 2.0210530391
0.1460000000 0.2160163633 0.0023704450 2.0309784591
0.1480000000 0.2200972838 0.0022694635 2.0404602392
0.1500000000 0.2241963600 0.0021763138 2.0495380932
0.1520000000 0.2283128467 0.0020884370 2.0582433485
0.1540000000 0.2324460409 0.0020032152 2.0665970966
0.1560000000 0.2365952608 0.0019176540 2.0746099575
0.1580000000 0.2407598219 0.0018296662 2.0822805735
0.1600000000 0.2449390204 0.0017385054 2.0895992384
0.1620000000 0.2491321269 0.0016433192 2.0965532598
0.1640000000 0.2533383800 0.0015458228 2.1031265368
0.1660000000 0.2575569997 0.0014471454 2.1093098281
0.1680000000 0.2617871965 0.0013464291 2.1150984096
0.1700000000 0.2660281647 0.0012424708 2.1204841258
0.1720000000 0.2702790728 0.0011342885 2.1254540088
0.1740000000 0.2745390551 0.0010217515 2.1299911629
0.1760000000 0.2788072114 0.0009092717 2.1340781691
0.1780000000 0.2830826419 0.0008021706 2.1377152559
0.1800000000 0.2873644898 0.0007013941 2.1409239382
0.1820000000 0.2916519488 0.0006081197 2.1437295148
0.1840000000 0.2959442728 0.0005213923 2.1461619937
0.1860000000 0.3002407679 0.0004390803 2.1482475628
0.1880000000 0.3045407757 0.0003587812 2.1500038838
0.1900000000 0.3088436537 0.0002780179 2.1514390087
0.1920000000 0.3131487559 0.0001943573 2.1525510804
0.1940000000 0.3174554129 0.0001058407 2.1533285095
0.1960000000 0.3217629167 0.0003273516 2.1537518724
0.1980000000 0.3260730392 0.0003498247 2.1550612788
0.2000000000 0.3303859604 0.0003728566 2.1564605775
0.2020000000 0.3347018644 0.0003965059 2.1579520038
0.2040000000 0.3390209404 0.0004218951 2.1595380276
0.2060000000 0.3433433916 0.0004493210 2.1612256080
0.2080000000 0.3476694374 0.0004787709 2.1630228919
0.2100000000 0.3519993134 0.0005101034 2.1649379757
0.2120000000 0.3563332702 0.0005428048 2.1669783892
0.2140000000 0.3606715694 0.0005763635 2.1691496085
0.2160000000 0.3650144795 0.0006103538 2.1714550624
0.2180000000 0.3693622725 0.0006444900 2.1738964776
0.2200000000 0.3737152213 0.0006788915 2.1764744377
0.2220000000 0.3780736013 0.0007140858 2.1791900037
0.2240000000 0.3824376940 0.0007504408 2.1820463467
0.2260000000 0.3868077903 0.0007884664 2.1850481100
0.2280000000 0.3911841942 0.0008281014 2.1882019758
0.2300000000 0.3955672230 0.0008691507 2.1915143815
0.2320000000 0.3999572049 0.0009112086 2.1949909843
0.2340000000 0.4043544766 0.0009536797 2.1986358186
0.2360000000 0.4087593776 0.0009958739 2.2024505374
0.2380000000 0.4131722457 0.0010370533 2.2064340331
0.2400000000 0.4175934102 0.0010767574 2.2105822464
0.2420000000 0.4220231888 0.0011158192 2.2148892758
0.2440000000 0.4264618939 0.0011531350 2.2193525528
0.2460000000 0.4309098241 0.0011994798 2.2239650926
0.2480000000 0.4353673501 0.0012460309 2.2287630119
0.2500000000 0.4398348443 0.0012974195 2.2337471357
0.2520000000 0.4443127180 0.0013537435 2.2389368135
0.2540000000 0.4488014215 0.0014144235 2.2443517873
0.2560000000 0.4533014405 0.0014784884 2.2500094812
0.2580000000 0.4578132874 0.0015450574 2.2559234346
0.2600000000 0.4623374947 0.0016135131 2.2621036642
0.2620000000 0.4668746101 0.0016836296 2.2685577167
0.2640000000 0.4714251946 0.0017559976 2.2752922353
0.2660000000 0.4759898271 0.0018317244 2.2823162256
0.2680000000 0.4805691133 0.0019128588 2.2896431230
0.2700000000 0.4851637024 0.0020009180 2.2972945584
0.2720000000 0.4897742989 0.0020964854 2.3052982306
0.2740000000 0.4944016672 0.0021991868 2.3136841722
0.2760000000 0.4990466291 0.0023072163 2.3224809192
0.2780000000 0.5037100486 0.0024169923 2.3317097845
0.2800000000 0.5083928041 0.0025228162 2.3413777538
0.2820000000 0.5130957422 0.0026170163 2.3514690185
0.2840000000 0.5178196164 0.0026979556 2.3619370838
0.2860000000 0.5225650742 0.0027669091 2.3727289063
0.2880000000 0.5273326672 0.0028225048 2.3837965425
0.2900000000 0.5321228404 0.0028699846 2.3950865617
0.2920000000 0.5369359734 0.0029141632 2.4065665001
0.2940000000 0.5417724197 0.0029600611 2.4182231528
0.2960000000 0.5466325465 0.0030116162 2.4300633974
0.2980000000 0.5515167662 0.0030721142 2.4421098623
0.3000000000 0.5564255628 0.0031443527 2.4543983191
0.3020000000 0.5613595143 0.0032308820 2.4669757298
0.3040000000 0.5663193128 0.0033344160 2.4798992580
0.3060000000 0.5713057867 0.0034585112 2.4932369221
0.3080000000 0.5763199286 0.0036088524 2.5070709669
0.3100000000 0.5813629413 0.0037917089 2.5215063766
0.3120000000 0.5864362878 0.0040091823 2.5366732124
0.3140000000 0.5915417076 0.0042575868 2.5527099416
0.3160000000 0.5966811882 0.0045210479 2.5697402888
0.3180000000 0.6018568372 0.0047679508 2.5878244802
0.3200000000 0.6070706298 0.0049519751 2.6068962836
0.3220000000 0.6123240381 0.0050297798 2.6267041840
0.3240000000 0.6176176847 0.0049817754 2.6468233030
0.3260000000 0.6229511855 0.0047258330 2.6667504046
0.3280000000 0.6283224930 0.0046287407 2.6856537366
0.3300000000 0.6337308304 0.0044168815 2.7041686996
0.3320000000 0.6391745029 0.0042232267 2.7218362258
0.3340000000 0.6446519611 0.0040609419 2.7387291325
0.3360000000 0.6501619069 0.0039333480 2.7549729000
0.3380000000 0.6557033195 0.0038376198 2.7707062920
0.3400000000 0.6612754331 0.0037673198 2.7860567711
0.3420000000 0.6668776852 0.0037141883 2.8011260504
0.3440000000 0.6725096508 0.0036733552 2.8159828034
0.3460000000 0.6781710032 0.0036434217 2.8306762243
0.3480000000 0.6838615030 0.0036228059 2.8452499112
0.3500000000 0.6895809853 0.0036059167 2.8597411348
0.3520000000 0.6953293149 0.0035795077 2.8741648017
0.3540000000 0.7011062806 0.0035240099 2.8884828323
0.3560000000 0.7069114383 0.0034204202 2.9025788720
0.3580000000 0.7127439594 0.0032654414 2.9162605530
0.3600000000 0.7186026041 0.0030619988 2.9293223187
0.3620000000 0.7244857447 0.0028453008 2.9415703138
0.3640000000 0.7303916477 0.0026413915 2.9529515168
0.3660000000 0.7363186819 0.0024614416 2.9635170829
0.3680000000 0.7422654076 0.0023056358 2.9733628491
0.3700000000 0.7482305784 0.0021686141 2.9825853924
0.3720000000 0.7542130981 0.0020425376 2.9912598487
0.3740000000 0.7602119581 0.0019190619 2.9994299990
0.3760000000 0.7662261706 0.0017908695 3.0071062467
0.3780000000 0.7722547100 0.0016560775 3.0142697248
0.3800000000 0.7782964981 0.0015159267 3.0208940346
0.3820000000 0.7843504136 0.0013730924 3.0269577413
0.3840000000 0.7904153138 0.0012245137 3.0324501108
0.3860000000 0.7964900101 0.0010675314 3.0373481655
0.3880000000 0.8025732467 0.0009068391 3.0416182913
0.3900000000 0.8086637380 0.0007561687 3.0452456478
0.3920000000 0.8147602786 0.0006202277 3.0482703226
0.3940000000 0.8208617811 0.0004976009 3.0507512333
0.3960000000 0.8269672644 0.0003825057 3.0527416370
0.3980000000 0.8330758077 0.0002679062 3.0542716599
0.4000000000 0.8391864943 0.0001469624 3.0553432849
0.4020000000 0.8452983565 0.0003277845 3.0559311343
0.4040000000 0.8514128411 0.0003598994 3.0572422723
0.4060000000 0.8575302048 0.0003929798 3.0586818700
0.4080000000 0.8636507124 0.0004290736 3.0602537894
0.4100000000 0.8697746526 0.0004691843 3.0619700838
0.4120000000 0.8759023462 0.0005131824 3.0638468208
0.4140000000 0.8820341453 0.0005598214 3.0658995503
0.4160000000 0.8881704230 0.0006077218 3.0681388359
0.4180000000 0.8943115624 0.0006559614 3.0705697230
0.4200000000 0.9004579496 0.0007050935 3.0731935687
0.4220000000 0.9066099774 0.0007562516 3.0760139427
0.4240000000 0.9127680553 0.0008106182 3.0790389491
0.4260000000 0.9189326182 0.0008679369 3.0822814219
0.4280000000 0.9251041245 0.0009272189 3.0857531696
0.4300000000 0.9312830486 0.0009867745 3.0894620454
0.4320000000 0.9374698669 0.0010446286 3.0934091435
0.4340000000 0.9436650422 0.0010996329 3.0975876577
0.4360000000 0.9498690146 0.0011563082 3.1019861895
0.4380000000 0.9560822374 0.0012167562 3.1066114223
0.4400000000 0.9623051943 0.0012853991 3.1114784473
0.4420000000 0.9685384344 0.0013634176 3.1166200437
0.4440000000 0.9747825819 0.0014494519 3.1220737141
0.4460000000 0.9810383249 0.0015409496 3.1278715218
0.4480000000 0.9873063955 0.0016360424 3.1340353200
0.4500000000 0.9935875545 0.0017344403 3.1405794895
0.4520000000 0.9998825890 0.0018383625 3.1475172506
0.4540000000 1.0061923304 0.0019524771 3.1548707004
0.4560000000 1.0125176916 0.0020799891 3.1626806087
0.4580000000 1.0188596928 0.0022207897 3.1710005652
0.4600000000 1.0252194602 0.0023700476 3.1798837242
0.4620000000 1.0315981880 0.0025165335 3.1893639147
0.4640000000 1.0379970481 0.0026427699 3.1994300489
0.4660000000 1.0444170504 0.0027459609 3.2100011284
0.4680000000 1.0508590203 0.0028241049 3.2209849720
0.4700000000 1.0573235831 0.0028870049 3.2322813918
0.4720000000 1.0638112419 0.0029468417 3.2438294115
0.4740000000 1.0703224755 0.0030144503 3.2556167784
0.4760000000 1.0768578247 0.0030979028 3.2676745796
0.4780000000 1.0834179570 0.0032036050 3.2800661908
0.4800000000 1.0900037183 0.0033375019 3.2928806107
0.4820000000 1.0966161795 0.0035074884 3.3062306181
0.4840000000 1.1032567006 0.0037266335 3.3202605717
0.4860000000 1.1099270349 0.0040042241 3.3351671058
0.4880000000 1.1166294029 0.0043330685 3.3511840023
0.4900000000 1.1233664354 0.0046720368 3.3685162763
0.4920000000 1.1301408443 0.0049359230 3.3872044236
0.4940000000 1.1369547405 0.0050285309 3.4069481155
0.4960000000 1.1438088650 0.0049157703 3.4270622392
0.4980000000 1.1507023156 0.0046745422 3.4467253203
0.5000000000 1.1576331626 0.0044033879 3.4654234893
0.5020000000 1.1645992367 0.0041633412 3.4830370410
0.5040000000 1.1715986175 0.0039774964 3.4996904060
0.5060000000 1.1786298183 0.0038459463 3.5156003915
0.5080000000 1.1856917866 0.0037568479 3.5309841765
0.5100000000 1.1927838098 0.0036939987 3.5460115683
0.5120000000 1.1999053849 0.0036500179 3.5607875632
0.5140000000 1.2070561602 0.0036214275 3.5753876349
0.5160000000 1.2142359068 0.0035992775 3.5898733451
0.5180000000 1.2214444478 0.0035568436 3.6042704550
0.5200000000 1.2286814434 0.0034546553 3.6184978293
0.5220000000 1.2359460763 0.0032738967 3.6323164503
0.5240000000 1.2432369004 0.0030200645 3.6454120372
0.5260000000 1.2505518850 0.0027539546 3.6574922953
0.5280000000 1.2578889012 0.0025167466 3.6685081137
0.5300000000 1.2652460514 0.0023176231 3.6785751001
0.5320000000 1.2726217426 0.0021483550 3.6878455925
0.5340000000 1.2800146206 0.0019943769 3.6964390125
0.5360000000 1.2874234537 0.0018398976 3.7044165202
0.5380000000 1.2948470059 0.0016761420 3.7117761106
0.5400000000 1.3022839672 0.0015037980 3.7184806786
0.5420000000 1.3097329590 0.0012829002 3.7244958707
0.5440000000 1.3171922139 0.0011403321 3.7296274715
0.5460000000 1.3246605915 0.0009425805 3.7341888000
0.5480000000 1.3321365098 0.0007559509 3.7379591222
0.5500000000 1.3396184756 0.0005907120 3.7409829256
0.5520000000 1.3471051672 0.0004439070 3.7433457738
0.5540000000 1.3545954100 0.0003039247 3.7451214018
0.5560000000 1.3620880842 0.0001578094 3.7463371007
0.5580000000 1.3695820208 0.0003304887 3.7469683385
0.5600000000 1.3770786014 0.0003700429 3.7482902932
0.5620000000 1.3845781424 0.0004119083 3.7497704647
0.5640000000 1.3920809786 0.0004594583 3.7514180979
0.5660000000 1.3995874904 0.0005128988 3.7532559310
0.5680000000 1.4070981055 0.0005702555 3.7553075263
0.5700000000 1.4146132826 0.0006291020 3.7575885485
0.5720000000 1.4221334925 0.0006885875 3.7601049564
0.5740000000 1.4296592111 0.0007505415 3.7628593063
0.5760000000 1.4371909340 0.0008170611 3.7658614722
0.5780000000 1.4447291935 0.0008877747 3.7691297167
0.5800000000 1.4522745551 0.0009605290 3.7726808156
0.5820000000 1.4598276010 0.0010319645 3.7765229315
0.5840000000 1.4673889025 0.0010993307 3.7806507897
0.5860000000 1.4749589988 0.0011688483 3.7850481125
0.5880000000 1.4825384458 0.0012456124 3.7897235057
0.5900000000 1.4901278577 0.0013357211 3.7947059554
0.5920000000 1.4977279554 0.0014385536 3.8000488400
0.5940000000 1.5053395615 0.0015498045 3.8058030542
0.5960000000 1.5129635660 0.0016661532 3.8120022722
0.5980000000 1.5206008998 0.0017880751 3.8186668849
0.6000000000 1.5282525382 0.0019215683 3.8258191851
0.6020000000 1.5359195491 0.0020736967 3.8335054583
0.6040000000 1.5436031496 0.0022449335 3.8418002452
0.6060000000 1.5513047095 0.0024257358 3.8507799793
0.6080000000 1.5590256754 0.0025926828 3.8604829225
0.6100000000 1.5667673827 0.0027249841 3.8708536535
0.6120000000 1.5745308899 0.0028218287 3.8817535898
0.6140000000 1.5823169717 0.0028968250 3.8930409047
0.6160000000 1.5901262281 0.0029709428 3.9046282047
0.6180000000 1.5979592520 0.0030612924 3.9165119759
0.6200000000 1.6058167663 0.0031801467 3.9287571455
0.6220000000 1.6136997218 0.0033377279 3.9414777323
0.6240000000 1.6216093791 0.0035472976 3.9548286440
0.6260000000 1.6295474147 0.0038303184 3.9690178343
0.6280000000 1.6375160930 0.0041948043 3.9843391080
0.6300000000 1.6455183296 0.0046018386 4.0011183250
0.6320000000 1.6535573810 0.0049309943 4.0195256794
0.6340000000 1.6616358803 0.0050248507 4.0392496565
0.6360000000 1.6697545784 0.0048430387 4.0593490594
0.6380000000 1.6779120208 0.0045324786 4.0787212141
0.6400000000 1.6861057231 0.0042305783 4.0968511284
0.6420000000 1.6943332700 0.0039977682 4.1137734416
0.6440000000 1.7025927990 0.0038107758 4.1297645144
0.6460000000 1.7108828142 0.0037414996 4.1450076176
0.6480000000 1.7192027615 0.0036752145 4.1599736159
0.6500000000 1.7275521104 0.0036331136 4.1746744740
0.6520000000 1.7359305243 0.0036071135 4.1892069285
0.6540000000 1.7443377950 0.0035646683 4.2036353827
0.6560000000 1.7527735831 0.0034468486 4.2178940559
0.6580000000 1.7612369460 0.0032216680 4.2316814505
0.6600000000 1.7697260823 0.0029152074 4.2445681223
0.6620000000 1.7782385402 0.0026188264 4.2562289520
0.6640000000 1.7867719487 0.0023718242 4.2667042575
0.6660000000 1.7953243318 0.0021693806 4.2761915541
0.6680000000 1.8038940700 0.0019901914 4.2848690763
0.6700000000 1.8124797297 0.0018099837 4.2928298421
0.6720000000 1.8210798692 0.0016169835 4.3000697767
0.6740000000 1.8296929446 0.0014157762 4.3065377107
0.6760000000 1.8383173463 0.0012052337 4.3122008156
0.6780000000 1.8469513898 0.0009788504 4.3170217506
0.6800000000 1.8555932641 0.0007610255 4.3209371523
0.6820000000 1.8642412266 0.0005715253 4.3239812543
0.6840000000 1.8728937613 0.0004046543 4.3262673556
0.6860000000 1.8815495332 0.0002417693 4.3278859728
0.6880000000 1.8902072393 0.0003152186 4.3288530501
0.6900000000 1.8988674672 0.0003844516 4.3301139243
0.6920000000 1.9075307706 0.0004084500 4.3316517306
0.6940000000 1.9161973417 0.0004632739 4.3332855306
0.6960000000 1.9248676190 0.0005257788 4.3351386263
0.6980000000 1.9335421024 0.0005927206 4.3372417416
0.7000000000 1.9422213277 0.0006608501 4.3396126238
0.7020000000 1.9509058397 0.0007309744 4.3422560243
0.7040000000 1.9595961996 0.0008064348 4.3451799219
0.7060000000 1.9682930109 0.0008876678 4.3484056613
0.7080000000 1.9769969236 0.0009715790 4.3519563327
0.7100000000 1.9857086089 0.0010529833 4.3558426488
0.7120000000 1.9944287180 0.0011307889 4.3600545819
0.7140000000 2.0031578735 0.0012142302 4.3645777377
0.7160000000 2.0118967428 0.0013129123 4.3694346583
0.7180000000 2.0206461154 0.0014291103 4.3746863074
0.7200000000 2.0294069209 0.0015569858 4.3804027485
0.7220000000 2.0381801823 0.0016915421 4.3866306916
0.7240000000 2.0469669760 0.0018347048 4.3933968599
0.7260000000 2.0557684474 0.0019969362 4.4007356792
0.7280000000 2.0645858942 0.0021850378 4.4087234240
0.7300000000 2.0734208214 0.0023913140 4.4174635753
0.7320000000 2.0822748791 0.0025861778 4.4270288315
0.7340000000 2.0911496261 0.0027367074 4.4373735426
0.7360000000 2.1000462669 0.0028420665 4.4483203722
0.7380000000 2.1089656442 0.0029254257 4.4596886381
0.7400000000 2.1179084248 0.0030170566 4.4713903411
0.7420000000 2.1268753420 0.0031388118 4.4834585674
0.7440000000 2.1358673696 0.0033066788 4.4960138147
0.7460000000 2.1448858507 0.0035384964 4.5092405301
0.7480000000 2.1539326397 0.0038640153 4.5233945157
0.7500000000 2.1630103409 0.0042919383 4.5388505771
0.7520000000 2.1721223775 0.0047448756 4.5560183301
0.7540000000 2.1812723732 0.0050160880 4.5749978324
0.7560000000 2.1904624975 0.0049331951 4.5950621843
0.7580000000 2.1996920875 0.0046060851 4.6147949647
0.7600000000 2.2089585261 0.0042570059 4.6332193051
0.7620000000 2.2182590207 0.0039914459 4.6502473288
0.7640000000 2.2275914470 0.0038219503 4.6662131123
0.7660000000 2.2369544488 0.0037201209 4.6815009136
0.7680000000 2.2463472116 0.0036559479 4.6963813972
0.7700000000 2.2557692220 0.0036193148 4.7110051888
0.7720000000 2.2652201869 0.0035847596 4.7254824481
0.7740000000 2.2746998298 0.0034800317 4.7398214867
0.7760000000 2.2842073131 0.0032437732 4.7537416136
0.7780000000 2.2937407465 0.0029012373 4.7667167064
0.7800000000 2.3032973898 0.0025740333 4.7783216557
0.7820000000 2.3128746254 0.0023098863 4.7886177889
0.7840000000 2.3224703400 0.0020948910 4.7978573342
0.7860000000 2.3320828138 0.0018963888 4.8062368984
0.7880000000 2.3417104587 0.0016864957 4.8138224535
0.7900000000 2.3513515956 0.0014627665 4.8205684362
0.7920000000 2.3610044346 0.0012294428 4.8264195022
0.7940000000 2.3706671092 0.0009769737 4.8313372736
0.7960000000 2.3803375995 0.0007353237 4.8352451683
0.7980000000 2.3900139724 0.0004864301 4.8381864630
0.8000000000 2.3996942368 0.0003462004 4.8401321836
0.8020000000 2.4093772708 0.0001590095 4.8415169850
0.8040000000 2.4190615768 0.0003429920 4.8421530231
0.8060000000 2.4287486268 0.0003950941 4.8435249911
0.8080000000 2.4384388375 0.0004545485 4.8451053676
0.8100000000 2.4481326847 0.0005237348 4.8469235616
0.8120000000 2.4578307217 0.0005986630 4.8490185007
0.8140000000 2.4675335480 0.0006750251 4.8514131528
0.8160000000 2.4772417745 0.0007547279 4.8541132533
0.8180000000 2.4869560388 0.0008417269 4.8571321650
0.8200000000 2.4966770369 0.0009346080 4.8604990728
0.8220000000 2.5064055120 0.0010274012 4.8642375047
0.8240000000 2.5161422062 0.0011144333 4.8683471097
0.8260000000 2.5258878159 0.0012065800 4.8728048429
0.8280000000 2.5356430782 0.0013160479 4.8776311630
0.8300000000 2.5454088689 0.0014470212 4.8828953547
0.8320000000 2.5551862358 0.0015914796 4.8886834395
0.8340000000 2.5649763345 0.0017440273 4.8950493580
0.8360000000 2.5747803854 0.0019112676 4.9020254673
0.8380000000 2.5845997265 0.0021077732 4.9096705378
0.8400000000 2.5944359298 0.0023329723 4.9181016305
0.8420000000 2.6042907968 0.0025572144 4.9274335198
0.8440000000 2.6141661216 0.0027312812 4.9376623773
0.8460000000 2.6240632966 0.0028489369 4.9485875023
0.8480000000 2.6339832631 0.0029410206 4.9599832499
0.8500000000 2.6439267577 0.0030480537 4.9717473322
0.8520000000 2.6538946368 0.0031978586 4.9839395468
0.8540000000 2.6638880988 0.0034117376 4.9967309813
0.8560000000 2.6739088546 0.0037211786 5.0103779317
0.8580000000 2.6839593799 0.0040046439 5.0252626460
0.8600000000 2.6940419424 0.0046661836 5.0412812215
0.8620000000 2.7041618343 0.0050044857 5.0599459561
0.8640000000 2.7143217621 0.0049236423 5.0799638987
0.8660000000 2.7245210790 0.0045551441 5.0996584681
0.8680000000 2.7347568371 0.0041832060 5.1178790445
0.8700000000 2.7450260608 0.0039223651 5.1346118684
0.8720000000 2.7553266635 0.0037693790 5.1503013289
0.8740000000 2.7656574212 0.0036793961 5.1653788448
0.8760000000 2.7760176141 0.0036276570 5.1800964293
0.8780000000 2.7864068282 0.0035940780 5.1946070571
0.8800000000 2.7968247949 0.0035015746 5.2089833692
0.8820000000 2.8072707742 0.0032577122 5.2229896677
0.8840000000 2.8177428153 0.0028833937 5.2360205165
0.8860000000 2.8282379235 0.0025303954 5.2475540914
0.8880000000 2.8387532748 0.0022529231 5.2576756732
0.8900000000 2.8492866495 0.0020258901 5.2666873656
0.8920000000 2.8598362314 0.0018052804 5.2747909262
0.8940000000 2.8704002555 0.0015664912 5.2820120476
0.8960000000 2.8809768115 0.0012728604 5.2882780126
0.8980000000 2.8915635504 0.0010466205 5.2933694541
0.9000000000 2.9021586623 0.0007747632 5.2975559360
0.9020000000 2.9127599723 0.0005435333 5.3006549888
0.9040000000 2.9233656305 0.0003422152 5.3028291219
0.9060000000 2.9339740265 0.0001357641 5.3041979829
0.9080000000 2.9445835086 0.0003527445 5.3047410392
0.9100000000 2.9551958126 0.0004110885 5.3061520172
0.9120000000 2.9658114053 0.0004799053 5.3077963714
0.9140000000 2.9764308373 0.0005590625 5.3097159927
0.9160000000 2.9870547418 0.0006421569 5.3119522426
0.9180000000 2.9976837835 0.0007273899 5.3145208702
0.9200000000 3.0083186444 0.0008202054 5.3174304298
0.9220000000 3.0189600669 0.0009209628 5.3207112514
0.9240000000 3.0296088571 0.0010227291 5.3243951026
0.9260000000 3.0402658291 0.0011181217 5.3284860192
0.9280000000 3.0509317462 0.0012200437 5.3329585062
0.9300000000 3.0616074235 0.0013445482 5.3378386811
0.9320000000 3.0722938573 0.0014928756 5.3432168738
0.9340000000 3.0829922340 0.0016541992 5.3491883761
0.9360000000 3.0937038444 0.0018265982 5.3558051730
0.9380000000 3.1044300675 0.0020260709 5.3631115659
0.9400000000 3.1151724992 0.0022626886 5.3712158494
0.9420000000 3.1259330324 0.0025121345 5.3802666038
0.9440000000 3.1367136627 0.0027116695 5.3903151416
0.9460000000 3.1475159863 0.0028440875 5.4011618196
0.9480000000 3.1583410627 0.0029452695 5.4125381696
0.9500000000 3.1691897012 0.0030669832 5.4243192477
0.9520000000 3.1800628755 0.0032437935 5.4365871805
0.9540000000 3.1909620002 0.0035043643 5.4495623545
0.9560000000 3.2018891599 0.0038951121 5.4635798117
0.9580000000 3.2128474804 0.0044262897 5.4791602603
0.9600000000 3.2238412112 0.0049158698 5.4968654193
0.9620000000 3.2348742690 0.0049941864 5.5165288983
0.9640000000 3.2459472803 0.0046418075 5.5365056438
0.9660000000 3.2570574260 0.0042254403 5.5550728736
0.9680000000 3.2682013753 0.0039310698 5.5719746348
0.9700000000 3.2793767731 0.0037648129 5.5876989138
0.9720000000 3.2905822895 0.0036714204 5.6027581655
0.9740000000 3.3018171772 0.0036212656 5.6174438471
0.9760000000 3.3130810350 0.0035791831 5.6319289096
0.9780000000 3.3243735263 0.0034297664 5.6462456418
0.9800000000 3.3356934557 0.0030930243 5.6599647073
0.9820000000 3.3470381293 0.0026840231 5.6723368046
0.9840000000 3.3584042751 0.0023500064 5.6830728971
0.9860000000 3.3697892209 0.0020908663 5.6924729227
0.9880000000 3.3811908937 0.0018545583 5.7008363879
0.9900000000 3.3926074030 0.0015997534 5.7082546210
0.9920000000 3.4040367102 0.0013305537 5.7146536347
0.9940000000 3.4154766619 0.0010392895 5.7199758497
0.9960000000 3.4269249279 0.0007480678 5.7241330077
0.9980000000 3.4383791785 0.0005049745 5.7271252787
1.0000000000 3.4498374688 0.0002893766 5.7291451768
