0.0020000000 0.0000000000 -0.0027798522 0.0000000000
0.0040000000 0.0019777612 0.0028023628 0.9888805913
0.0060000000 0.0039779413 0.0028241896 1.0000900425
0.0080000000 0.0060007149 0.0028448561 1.0113868009
0.0100000000 0.0080462473 0.0028646193 1.0227662254
0.0120000000 0.0101146967 0.0028838133 1.0342247028
0.0140000000 0.0122062166 0.0029029326 1.0457599560
0.0160000000 0.0143209600 0.0029223672 1.0573716864
0.0180000000 0.0164590823 0.0029424911 1.0690611553
0.0200000000 0.0186207446 0.0029636647 1.0808311197
0.0220000000 0.0208061161 0.0029862397 1.0926857786
0.0240000000 0.0230153776 0.0030105604 1.1046307374
0.0260000000 0.0252487236 0.0030369637 1.1166729789
0.0280000000 0.0275063652 0.0030657777 1.1288208338
0.0300000000 0.0297885331 0.0030973296 1.1410839448
0.0320000000 0.0320954796 0.0031319471 1.1534732633
0.0340000000 0.0344274817 0.0031699648 1.1660010519
0.0360000000 0.0367848436 0.0032117333 1.1786809111
0.0380000000 0.0391678992 0.0032576305 1.1915278442
0.0400000000 0.0415770160 0.0033081131 1.2045583661
0.0420000000 0.0440125976 0.0033636429 1.2177908186
0.0440000000 0.0464750884 0.0034248955 1.2312453902
0.0460000000 0.0489649783 0.0034927346 1.2449449722
0.0480000000 0.0514828102 0.0035681338 1.2589159105
0.0500000000 0.0540291871 0.0036521859 1.2731884456
0.0520000000 0.0566047814 0.0037458025 1.2877971891
0.0540000000 0.0592103422 0.0038493155 1.3027803990
0.0560000000 0.0618466976 0.0039631287 1.3181776609
0.0580000000 0.0645147579 0.0040869997 1.3340301759
0.0600000000 0.0672155143 0.0042197580 1.3503781748
0.0620000000 0.0699500287 0.0043591160 1.3672572069
0.0640000000 0.0727194160 0.0045013662 1.3846936709
0.0660000000 0.0755248143 0.0046411683 1.4026991357
0.0680000000 0.0783673419 0.0047713144 1.4212638087
0.0700000000 0.0812480400 0.0048832581 1.4403490664
0.0720000000 0.0841678042 0.0049675001 1.4598820988
0.0740000000 0.0871273084 0.0050172559 1.4797520994
0.0760000000 0.0901269507 0.0050283751 1.4998211229
0.0780000000 0.0931668199 0.0049961720 1.5199346235
0.0800000000 0.0962466585 0.0049266925 1.5399193113
0.0820000000 0.0993659107 0.0048291917 1.5596260813
0.0840000000 0.1025237964 0.0047132439 1.5789428482
0.0860000000 0.1057193880 0.0045877917 1.5977958236
0.0880000000 0.1089516820 0.0044606662 1.6161469903
0.0900000000 0.1122196613 0.0043378717 1.6339896552
0.0920000000 0.1155223436 0.0042235462 1.6513411421
0.0940000000 0.1188588143 0.0041202811 1.6682353268
0.0960000000 0.1222282472 0.0040293887 1.6847164513
0.0980000000 0.1256299152 0.0039511662 1.7008340062
0.1000000000 0.1290631925 0.0038851175 1.7166386709
0.1020000000 0.1325275508 0.0038301249 1.7321791409
0.1040000000 0.1360225501 0.0037846107 1.7474996406
0.1060000000 0.1395478263 0.0037466227 1.7626380833
0.1080000000 0.1431030754 0.0037142715 1.7776245740
0.1100000000 0.1466880387 0.0036865489 1.7924816600
0.1120000000 0.1503024944 0.0036637479 1.8072278555
0.1140000000 0.1539462601 0.0036447378 1.8218828470
0.1160000000 0.1576191837 0.0036297471 1.8364617982
0.1180000000 0.1613211453 0.0036180208 1.8509807865
0.1200000000 0.1650520510 0.0036071267 1.8654528697
0.1220000000 0.1688118138 0.0035933541 1.8798813764
0.1240000000 0.1726003234 0.0035716743 1.8942547929
0.1260000000 0.1764174064 0.0035357952 1.9085414899
0.1280000000 0.1802627757 0.0034790798 1.9226846709
0.1300000000 0.1841359777 0.0034001060 1.9366009900
0.1320000000 0.1880363805 0.0032970892 1.9502014139
0.1340000000 0.1919631601 0.0031693332 1.9633897705
0.1360000000 0.1959152943 0.0030264395 1.9760671033
0.1380000000 0.1998916400 0.0028795796 1.9881728613
0.1400000000 0.2038910223 0.0027369525 1.9996911798
0.1420000000 0.2079123003 0.0026035124 2.0106389896
0.1440000000 0.2119544064 0.0024813550 2.0210530391
0.1460000000 0.2160163633 0.0023704450 2.0309784591
0.1480000000 0.2200972838 0.0022694635 2.0404602392
0.1500000000 0.2241963600 0.0021763138 2.0495380932
0.1520000000 0.2283128467 0.0020884370 2.0582433485
0.1540000000 0.2324460409 0.0020032152 2.0665970966
0.1560000000 0.2365952608 0.0019176540 2.0746099575
0.1580000000 0.2407598219 0.0018296662 2.0822805735
0.1600000000 0.2449390204 0.0017385054 2.0895992384
0.1620000000 0.2491321269 0.0016433192 2.0965532598
0.1640000000 0.2533383800 0.0015458228 2.1031265368
0.1660000000 0.2575569997 0.0014471454 2.1093098281
0.1680000000 0.2617871965 0.0013464291 2.1150984096
0.1700000000 0.2660281647 0.0012424708 2.1204841258
0.1720000000 0.2702790728 0.0011342885 2.1254540088
0.1740000000 0.2745390551 0.0010217515 2.1299911629
0.1760000000 0.2788072114 0.0009092717 2.1340781691
0.1780000000 0.2830826419 0.0008021706 2.1377152559
0.1800000000 0.2873644898 0.0007013941 2.1409239382
0.1820000000 0.2916519488 0.0006081197 2.1437295148
0.1840000000 0.2959442728 0.0005213923 2.1461619937
0.1860000000 0.3002407679 0.0004390803 2.1482475628
0.1880000000 0.3045407757 0.0003587812 2.1500038838
0.1900000000 0.3088436537 0.0002780179 2.1514390087
0.1920000000 0.3131487559 0.0001943573 2.1525510804
0.1940000000 0.3174554129 0.0001058407 2.1533285095
0.1960000000 0.3217629167 0.0000115966 2.1537518724
0.1980000000 0.3260705132 -0.0000875850 2.1537982586
0.2000000000 0.3303774090 -0.0001882327 2.1534479185
0.2020000000 0.3346827990 -0.0002852114 2.1526949879
0.2040000000 0.3389859073 -0.0003710681 2.1515541423
0.2060000000 0.3432860470 -0.0004454118 2.1500698699
0.2080000000 0.3475826235 -0.0005090781 2.1482882227
0.2100000000 0.3518751273 -0.0005628798 2.1462519103
0.2120000000 0.3561631281 -0.0006114658 2.1440003913
0.2140000000 0.3604462371 -0.0006592311 2.1415545281
0.2160000000 0.3647240723 -0.0007094621 2.1389176037
0.2180000000 0.3689962318 -0.0007638329 2.1360797552
0.2200000000 0.3732622807 -0.0008201642 2.1330244235
0.2220000000 0.3775217682 -0.0008722400 2.1297437668
0.2240000000 0.3817742778 -0.0009183491 2.1262548069
0.2260000000 0.3860194406 -0.0009544764 2.1225814106
0.2280000000 0.3902569677 -0.0009830386 2.1187635048
0.2300000000 0.3944866304 -0.0010090773 2.1148313504
0.2320000000 0.3987082204 -0.0010381138 2.1107950411
0.2340000000 0.4029215056 -0.0010745025 2.1066425860
0.2360000000 0.4071261948 -0.0011209624 2.1023445761
0.2380000000 0.4113219162 -0.0011783557 2.0978607265
0.2400000000 0.4155082108 -0.0012452791 2.0931473038
0.2420000000 0.4196845432 -0.0013171413 2.0881661873
0.2440000000 0.4238503384 0.0011326786 2.0828976220
0.2460000000 0.4280251951 0.0011714699 2.0874283365
0.2480000000 0.4322094235 0.0012125777 2.0921142160
0.2500000000 0.4364033526 0.0012575220 2.0969645268
0.2520000000 0.4406073418 0.0013067956 2.1019946148
0.2540000000 0.4448217854 0.0013604312 2.1072217971
0.2560000000 0.4490471125 0.0014178469 2.1126635220
0.2580000000 0.4532837823 0.0014782319 2.1183349096
0.2600000000 0.4575322780 0.0015408568 2.1242478373
0.2620000000 0.4617931005 0.0016051985 2.1304112644
0.2640000000 0.4660667646 0.0016710272 2.1368320583
0.2660000000 0.4703537969 0.0017387349 2.1435161671
0.2680000000 0.4746547392 0.0018091278 2.1504711069
0.2700000000 0.4789701544 0.0018838274 2.1577076181
0.2720000000 0.4833006402 0.0019643637 2.1652429276
0.2740000000 0.4876468410 0.0020514912 2.1731003825
0.2760000000 0.4920094537 0.0021453272 2.1813063473
0.2780000000 0.4963892290 0.0022449731 2.1898876560
0.2800000000 0.5007869641 0.0023482944 2.1988675485
0.2820000000 0.5052034856 0.0024515539 2.2082607262
0.2840000000 0.5096396195 0.0025492981 2.2180669417
0.2860000000 0.5140961477 0.0026350695 2.2282641341
0.2880000000 0.5185737565 0.0027102264 2.2388044121
0.2900000000 0.5230730472 0.0027733764 2.2496453179
0.2920000000 0.5275945248 0.0028252712 2.2607388234
0.2940000000 0.5321386046 0.0028701318 2.2720399081
0.2960000000 0.5367056455 0.0029120493 2.2835204354
0.2980000000 0.5412959828 0.0029553572 2.2951686327
0.3000000000 0.5459099629 0.0030034749 2.3069900614
0.3020000000 0.5505479708 0.0030592899 2.3190039609
0.3040000000 0.5552104531 0.0031252729 2.3312411203
0.3060000000 0.5598979375 0.0032036580 2.3437422120
0.3080000000 0.5646110512 0.0032967135 2.3565568441
0.3100000000 0.5693505386 0.0034071640 2.3697436981
0.3120000000 0.5741172833 0.0035392640 2.3833723543
0.3140000000 0.5789123421 0.0036986801 2.3975294101
0.3160000000 0.5837369904 0.0038893102 2.4123241307
0.3180000000 0.5885927531 0.0041111245 2.4278813714
0.3200000000 0.5934814048 0.0043567971 2.4443258693
0.3220000000 0.5984049110 0.0046073783 2.4617530578
0.3240000000 0.6033652761 0.0048300893 2.4801825711
0.3260000000 0.6083642820 0.0049818328 2.4995029283
0.3280000000 0.6134031425 0.0050306487 2.5194302596
0.3300000000 0.6184822482 0.0049629005 2.5395528543
0.3320000000 0.6236010571 0.0048084307 2.5594044562
0.3340000000 0.6287583335 0.0046114881 2.5786381788
0.3360000000 0.6339525017 0.0044084839 2.5970841310
0.3380000000 0.6391819379 0.0042229827 2.6147180665
0.3400000000 0.6444451578 0.0040664207 2.6316099975
0.3420000000 0.6497409092 0.0039418868 2.6478756802
0.3440000000 0.6550681957 0.0038471352 2.6636432273
0.3460000000 0.6604262592 0.0037766862 2.6790317680
0.3480000000 0.6658145362 0.0037232387 2.6941385127
0.3500000000 0.6712325992 0.0036814794 2.7090314674
0.3520000000 0.6766801139 0.0036504331 2.7237573849
0.3540000000 0.6821568322 0.0036281531 2.7383591172
0.3560000000 0.6876625756 0.0036118374 2.7528717296
0.3580000000 0.6931972138 0.0035915122 2.7673190793
0.3600000000 0.6987605840 0.0035514780 2.7816851280
0.3620000000 0.7043523661 0.0034722117 2.7958910400
0.3640000000 0.7099719259 0.0033461242 2.8097798867
0.3660000000 0.7156182547 0.0031693589 2.8231643834
0.3680000000 0.7212899383 0.0028759634 2.8358418189
0.3700000000 0.7269846296 0.0027564110 2.8473456727
0.3720000000 0.7327013723 0.0025681584 2.8583713166
0.3740000000 0.7384386602 0.0024032714 2.8686439502
0.3760000000 0.7441951742 0.0022595591 2.8782570358
0.3780000000 0.7499697648 0.0021311707 2.8872952722
0.3800000000 0.7557614047 0.0020108069 2.8958199551
0.3820000000 0.7615691311 0.0018907730 2.9038631826
0.3840000000 0.7673919836 0.0017654192 2.9114262746
0.3860000000 0.7732289595 0.0016335740 2.9184879512
0.3880000000 0.7790790040 0.0014976495 2.9250222471
0.3900000000 0.7849410297 0.0013589224 2.9310128450
0.3920000000 0.7908139268 0.0012144758 2.9364485347
0.3940000000 0.7966965396 0.0010620435 2.9413064379
0.3960000000 0.8025876489 0.0009064753 2.9455546117
0.3980000000 0.8084860099 0.0007603802 2.9491805129
0.4000000000 0.8143904540 0.0006280484 2.9522220339
0.4020000000 0.8202999224 0.0005084720 2.9547342275
0.4040000000 0.8262134587 0.0003965420 2.9567681154
0.4060000000 0.8321301672 0.0002858979 2.9583542834
0.4080000000 0.8380491630 0.0001702157 2.9594978751
0.4100000000 0.8439695204 0.0000448145 2.9601787381
0.4120000000 0.8498902364 -0.0000905022 2.9603579960
0.4140000000 0.8558102284 -0.0002280885 2.9599959874
0.4160000000 0.8617283957 -0.0003526350 2.9590836333
0.4180000000 0.8676437419 -0.0004552456 2.9576730932
0.4200000000 0.8735554461 -0.0005375964 2.9558521109
0.4220000000 0.8794628495 -0.0006060944 2.9537017252
0.4240000000 0.8853654042 -0.0006724193 2.9512773478
0.4260000000 0.8912625796 -0.0007445862 2.9485876707
0.4280000000 0.8971537982 -0.0008221372 2.9456093259
0.4300000000 0.9030384398 -0.0008926052 2.9423207773
0.4320000000 0.9089159405 -0.0009475789 2.9387503564
0.4340000000 0.9147858606 -0.0009872532 2.9349600406
0.4360000000 0.9206478826 -0.0010245097 2.9310110278
0.4380000000 0.9265017086 -0.0010727737 2.9269129890
0.4400000000 0.9323469524 -0.0011402574 2.9226218943
0.4420000000 0.9381830741 -0.0012281846 2.9180608648
0.4440000000 0.9440093704 -0.0013278907 2.9131481265
0.4460000000 0.9498250435 0.0011558989 2.9078365637
0.4480000000 0.9556499638 0.0012123346 2.9124601591
0.4500000000 0.9614845828 0.0012758174 2.9173094974
0.4520000000 0.9673294084 0.0013475894 2.9224127669
0.4540000000 0.9731850146 0.0014268380 2.9278031245
0.4560000000 0.9790520356 0.0015114608 2.9335104764
0.4580000000 0.9849311482 0.0015996748 2.9395563194
0.4600000000 0.9908230582 0.0016906378 2.9459550185
0.4620000000 0.9967284934 0.0017853721 2.9527175696
0.4640000000 1.0026482115 0.0018868820 2.9598590579
0.4660000000 1.0085830247 0.0019990556 2.9674065859
0.4680000000 1.0145338303 0.0020536767 2.9754028083
0.4700000000 1.0205010653 0.0022588672 2.9836175153
0.4720000000 1.0264863713 0.0023998771 2.9926529840
0.4740000000 1.0324908763 0.0025358150 3.0022524925
0.4760000000 1.0385156678 0.0026517065 3.0123957526
0.4780000000 1.0445616729 0.0027479685 3.0230025785
0.4800000000 1.0506296618 0.0028216595 3.0339944523
0.4820000000 1.0567202240 0.0028814727 3.0452810905
0.4840000000 1.0628338380 0.0029375703 3.0568069814
0.4860000000 1.0689709525 0.0029993720 3.0685572627
0.4880000000 1.0751320620 0.0030739778 3.0805547507
0.4900000000 1.0813177633 0.0031670366 3.0928506620
0.4920000000 1.0875288009 0.0032835208 3.1055188084
0.4940000000 1.0937661067 0.0034291416 3.1186528917
0.4960000000 1.1000308456 0.0036132229 3.1323694583
0.4980000000 1.1063244903 0.0038470924 3.1468223499
0.5000000000 1.1126489118 0.0039808560 3.1622107196
0.5020000000 1.1190051801 0.0044551172 3.1781341435
0.5040000000 1.1253970893 0.0047640325 3.1959546121
0.5060000000 1.1318271108 0.0049771201 3.2150107421
0.5080000000 1.1382969492 0.0050221822 3.2349192226
0.5100000000 1.1448069651 0.0048861061 3.2550079513
0.5120000000 1.1513560699 0.0046488987 3.2745523758
0.5140000000 1.1579423658 0.0043917604 3.2931479708
0.5160000000 1.1645637958 0.0041644302 3.3107150124
0.5180000000 1.1712185413 0.0039861085 3.3273727331
0.5200000000 1.1779051756 0.0038572581 3.3433171670
0.5220000000 1.1846226680 0.0037682478 3.3587461993
0.5240000000 1.1913703064 0.0037049667 3.3738191905
0.5260000000 1.1981475845 0.0036593684 3.3886390572
0.5280000000 1.2049541376 0.0036283764 3.4032765308
0.5300000000 1.2117897177 0.0034518671 3.4177900364
0.5320000000 1.2186529127 0.0035780121 3.4315975047
0.5340000000 1.2255447318 0.0035086249 3.4459095532
0.5360000000 1.2324646199 0.0033710971 3.4599440529
0.5380000000 1.2394114768 0.0031587148 3.4734284414
0.5400000000 1.2463836034 0.0029037350 3.4860633005
0.5420000000 1.2533789598 0.0026579713 3.4976782403
0.5440000000 1.2603955801 0.0024447598 3.5083101253
0.5460000000 1.2674317584 0.0022649055 3.5180891646
0.5480000000 1.2744860560 0.0021086581 3.5271487866
0.5500000000 1.2815572228 0.0019626818 3.5355834191
0.5520000000 1.2886440911 0.0018135774 3.5434341465
0.5540000000 1.2957454680 0.0016555417 3.5506884561
0.5560000000 1.3028600893 0.0014903280 3.5573106227
0.5580000000 1.3099866332 0.0012770761 3.5632719347
0.5600000000 1.3171233936 0.0011421128 3.5683802392
0.5620000000 1.3242692910 0.0009529101 3.5729486903
0.5640000000 1.3314228117 0.0007730114 3.5767603307
0.5660000000 1.3385825164 0.0006122749 3.5798523764
0.5680000000 1.3457471194 0.0004696420 3.5823014760
0.5700000000 1.3529154795 0.0003353961 3.5841800438
0.5720000000 1.3600865227 0.0001981100 3.5855216281
0.5740000000 1.3672591509 0.0000481050 3.5863140681
0.5760000000 1.3744321638 -0.0001161654 3.5865064881
0.5780000000 1.3816042475 -0.0002806175 3.5860418267
0.5800000000 1.3887740862 -0.0004182862 3.5849193567
0.5820000000 1.3959405786 -0.0005256731 3.5832462119
0.5840000000 1.4031028657 -0.0006097741 3.5811435195
0.5860000000 1.4102602745 -0.0006905680 3.5787044230
0.5880000000 1.4174121588 -0.0007810714 3.5759421510
0.5900000000 1.4245577946 -0.0008712118 3.5728178655
0.5920000000 1.4316964606 -0.0009434798 3.5693330181
0.5940000000 1.4388275788 -0.0009924173 3.5655590989
0.5960000000 1.4459507576 -0.0010394753 3.5615894298
0.5980000000 1.4530656207 -0.0011070079 3.5574315285
0.6000000000 1.4601716277 -0.0012049685 3.5530034970
0.6020000000 1.4672679949 -0.0013250544 3.5481836232
0.6040000000 1.4743537618 0.0011631430 3.5428834058
0.6060000000 1.4814488337 0.0012338132 3.5475359777
0.6080000000 1.4885537762 0.0013158881 3.5524712306
0.6100000000 1.4956692457 0.0014096926 3.5577347831
0.6120000000 1.5027959928 0.0015119663 3.5633735534
0.6140000000 1.5099348357 0.0016194444 3.5694214187
0.6160000000 1.5170866341 0.0017310795 3.5758991965
0.6180000000 1.5242522811 0.0018498068 3.5828235144
0.6200000000 1.5314327266 0.0019822462 3.5902227414
0.6220000000 1.5386290300 0.0021321815 3.5981517262
0.6240000000 1.5458423909 0.0022973110 3.6066804524
0.6260000000 1.5530741303 0.0024664136 3.6158696965
0.6280000000 1.5603256010 0.0026170236 3.6257353511
0.6300000000 1.5675980079 0.0027369983 3.6362034453
0.6320000000 1.5748923108 0.0028256383 3.6471514386
0.6340000000 1.5822092188 0.0028958421 3.6584539916
0.6360000000 1.5895492935 0.0029650942 3.6700373598
0.6380000000 1.5969130890 0.0030478278 3.6818977367
0.6400000000 1.6043012671 0.0031311525 3.6940890481
0.6420000000 1.6117144944 0.0032938546 3.7066136583
0.6440000000 1.6191540725 0.0034755395 3.7197890768
0.6460000000 1.6266214550 0.0037164517 3.7336912348
0.6480000000 1.6341185691 0.0040305085 3.7485570414
0.6500000000 1.6416479273 0.0044053944 3.7646790754
0.6520000000 1.6492125286 0.0047732679 3.7823006530
0.6540000000 1.6568153160 0.0050027916 3.8013937247
0.6560000000 1.6644581258 0.0049871646 3.8214048912
0.6580000000 1.6721408329 0.0047578821 3.8413535495
0.6600000000 1.6798616030 0.0044562503 3.8603850777
0.6620000000 1.6876180232 0.0041818096 3.8782100790
0.6640000000 1.6954078978 0.0039732517 3.8949373173
0.6660000000 1.7032295585 0.0038315768 3.9108303240
0.6680000000 1.7110818717 0.0037395934 3.9261566310
0.6700000000 1.7189641018 0.0036767336 3.9411150046
0.6720000000 1.7268757456 0.0036357297 3.9558219391
0.6740000000 1.7348164753 0.0036104750 3.9703648581
0.6760000000 1.7427860889 0.0035761947 3.9848067580
0.6780000000 1.7507843119 0.0034841510 3.9991115368
0.6800000000 1.7588104082 0.0032980375 4.0130481407
0.6820000000 1.7668628888 0.0030211514 4.0262402906
0.6840000000 1.7749395386 0.0027285710 4.0383248961
0.6860000000 1.7830380170 0.0024734528 4.0492391800
0.6880000000 1.7911562829 0.0022635942 4.0591329910
0.6900000000 1.7992926577 0.0020849250 4.0681873677
0.6920000000 1.8074457118 0.0019168422 4.0765270677
0.6940000000 1.8156141007 0.0017414706 4.0841944365
0.6960000000 1.8237964213 0.0015539750 4.0911603187
0.6980000000 1.8319911738 0.0013609605 4.0973762189
0.7000000000 1.8401968139 0.0011572688 4.1028200609
0.7020000000 1.8484117121 0.0009402110 4.1074491361
0.7040000000 1.8566341321 0.0007365516 4.1112099803
0.7060000000 1.8648624445 0.0005589789 4.1141561867
0.7080000000 1.8730952287 0.0004008958 4.1163921024
0.7100000000 1.8813312201 0.0002459908 4.1179956857
0.7120000000 1.8895691794 0.0000780173 4.1189796491
0.7140000000 1.8978077628 -0.0001091676 4.1192917185
0.7160000000 1.9060454729 -0.0002967437 4.1188550479
0.7180000000 1.9142808090 -0.0004482142 4.1176680730
0.7200000000 1.9225125595 -0.0005606350 4.1158752161
0.7220000000 1.9307398248 -0.0006531806 4.1136326761
0.7240000000 1.9389618647 -0.0007525683 4.1110199538
0.7260000000 1.9471778841 -0.0008581305 4.1080096806
0.7280000000 1.9553870384 -0.0009430372 4.1045771586
0.7300000000 1.9635886484 -0.0009982839 4.1008050099
0.7320000000 1.9717822722 -0.0010563773 4.0968118742
0.7340000000 1.9799674449 -0.0011473271 4.0925863651
0.7360000000 1.9881434390 -0.0012764213 4.0879970566
0.7380000000 1.9963092218 0.0011444592 4.0828913713
0.7400000000 2.0044841602 0.0012280360 4.0874692081
0.7420000000 2.0126689229 0.0013225200 4.0923813519
0.7440000000 2.0208642657 0.0014321833 4.0976714320
0.7460000000 2.0290710661 0.0015519460 4.1034001653
0.7480000000 2.0372902820 0.0016776223 4.1096079492
0.7500000000 2.0455229189 0.0018102292 4.1163184385
0.7520000000 2.0537700376 0.0019579174 4.1235593555
0.7540000000 2.0620328196 0.0021280544 4.1313910251
0.7560000000 2.0703126261 0.0023180318 4.1399032426
0.7580000000 2.0786109768 0.0025099463 4.1491753697
0.7600000000 2.0869294071 0.0026690544 4.1592151551
0.7620000000 2.0952691899 0.0027508769 4.1698913725
0.7640000000 2.1036309797 0.0028764310 4.1808948802
0.7660000000 2.1120157809 0.0029544989 4.1924006040
0.7680000000 2.1204242181 0.0030474552 4.2042185995
0.7700000000 2.1288570349 0.0031713658 4.2164084202
0.7720000000 2.1373152227 0.0033390081 4.2290938834
0.7740000000 2.1458001225 0.0035666377 4.2424499158
0.7760000000 2.1543135554 0.0038800708 4.2567164665
0.7780000000 2.1628580289 0.0042841667 4.2722367497
0.7800000000 2.1714367758 0.0047139913 4.2893734165
0.7820000000 2.1800532345 0.0049986909 4.3082293816
0.7840000000 2.1887096828 0.0049757024 4.3282241454
0.7860000000 2.1974059367 0.0046960026 4.3481269550
0.7880000000 2.2061397587 0.0043566660 4.3669109656
0.7900000000 2.2149084339 0.0040753175 4.3843376295
0.7920000000 2.2237097117 0.0038820294 4.4006388995
0.7940000000 2.2325420458 0.0037621821 4.4161670170
0.7960000000 2.2414044772 0.0036855483 4.4312157454
0.7980000000 2.2502963931 0.0036375976 4.4459579384
0.8000000000 2.2592174098 0.0036093364 4.4605083290
0.8020000000 2.2681673011 0.0035641130 4.4749456745
0.8040000000 2.2771457054 0.0034321230 4.4892021265
0.8060000000 2.2861515666 0.0031782300 4.5029306185
0.8080000000 2.2951828537 0.0028485837 4.5156435385
0.8100000000 2.3042369294 0.0025452411 4.5270378734
0.8120000000 2.3133113671 0.0022992439 4.5372188379
0.8140000000 2.3224041987 0.0020962756 4.5464158134
0.8160000000 2.3315138006 0.0019082618 4.5548009160
0.8180000000 2.3406386685 0.0017108307 4.5624339632
0.8200000000 2.3497772231 0.0014996599 4.5692772861
0.8220000000 2.3589277749 0.0012810554 4.5752759258
0.8240000000 2.3680885752 0.0010458941 4.5804001473
0.8260000000 2.3772577427 0.0008090821 4.5845837237
0.8280000000 2.3864333828 0.0006015717 4.5878200522
0.8300000000 2.3956138354 0.0004222527 4.5902263389
0.8320000000 2.4047976661 0.0002497742 4.5919153499
0.8340000000 2.4139834950 0.0000616254 4.5929144466
0.8360000000 2.4231698169 -0.0001489459 4.5931609481
0.8380000000 2.4323549473 -0.0003497656 4.5925651647
0.8400000000 2.4415372795 -0.0005012313 4.5911661021
0.8420000000 2.4507156018 -0.0006115357 4.5891611770
0.8440000000 2.4598890319 -0.0007174281 4.5867150341
0.8460000000 2.4690567225 -0.0008361444 4.5838453219
0.8480000000 2.4782177240 -0.0009356840 4.5805007443
0.8500000000 2.4873712400 -0.0010147696 4.5767580082
0.8520000000 2.4965166379 -0.0010655958 4.5726989299
0.8540000000 2.5056535110 -0.0011760234 4.5684365465
0.8560000000 2.5147809759 -0.0013276840 4.5637324529
0.8580000000 2.5238978193 0.0011868952 4.5584217168
0.8600000000 2.5330241579 0.0012844240 4.5631692977
0.8620000000 2.5421607719 0.0014015174 4.5683069935
0.8640000000 2.5513085980 0.0015331248 4.5739130629
0.8660000000 2.5604686892 0.0016727200 4.5800455621
0.8680000000 2.5696421621 0.0018208067 4.5867364423
0.8700000000 2.5788302014 0.0019883486 4.5940196691
0.8720000000 2.5880341475 0.0021839545 4.6019730636
0.8740000000 2.5972555653 0.0023995167 4.6107088818
0.8760000000 2.6064961792 0.0026011281 4.6203069484
0.8780000000 2.6157576021 0.0027536992 4.6307114609
0.8800000000 2.6250410546 0.0028584672 4.6417262577
0.8820000000 2.6343473749 0.0029444743 4.6531601267
0.8840000000 2.6436772509 0.0030449427 4.6649380238
0.8860000000 2.6530314865 0.0031826766 4.6771177945
0.8880000000 2.6624111835 0.0033751907 4.6898485008
0.8900000000 2.6718178820 0.0036465160 4.7033492637
0.8920000000 2.6812537527 0.0040285937 4.7179353279
0.8940000000 2.6907218521 0.0045020058 4.7340497025
0.8960000000 2.7002259675 0.0049149037 4.7520577255
0.8980000000 2.7097694022 0.0050152947 4.7717173402
0.9000000000 2.7193529593 0.0047566580 4.7917785192
0.9020000000 2.7289745696 0.0043829256 4.8108051511
0.9040000000 2.7386312433 0.0040702292 4.8283368535
0.9060000000 2.7483204788 0.0038634786 4.8446177702
0.9080000000 2.7580406222 0.0037413956 4.8600716848
0.9100000000 2.7677906967 0.0036661430 4.8750372673
0.9120000000 2.7775701004 0.0036225340 4.8897018391
0.9140000000 2.7873784843 0.0035896720 4.9041919752
0.9160000000 2.7972155857 0.0034953742 4.9185506634
0.9180000000 2.8070806500 0.0032637215 4.9325321600
0.9200000000 2.8169718241 0.0029116988 4.9455870461
0.9220000000 2.8268862918 0.0025715802 4.9572338414
0.9240000000 2.8368213321 0.0022988630 4.9675201623
0.9260000000 2.8467747633 0.0020777372 4.9767156145
0.9280000000 2.8567448164 0.0018716168 4.9850265633
0.9300000000 2.8667298425 0.0016514953 4.9925130305
0.9320000000 2.8767280805 0.0014183295 4.9991190118
0.9340000000 2.8867376652 0.0011728004 5.0047923300
0.9360000000 2.8967566323 0.0009093141 5.0094835316
0.9380000000 2.9067828738 0.0006684641 5.0131207880
0.9400000000 2.9168144631 0.0004648240 5.0157946442
0.9420000000 2.9268497710 0.0002767262 5.0176539404
0.9440000000 2.9368872927 0.0000740071 5.0187608451
0.9460000000 2.9469254064 -0.0001554937 5.0190568733
0.9480000000 2.9569622762 -0.0003717042 5.0184348983
0.9500000000 2.9669961724 -0.0005286288 5.0169480814
0.9520000000 2.9770258395 -0.0006440701 5.0148335664
0.9540000000 2.9870503541 -0.0007652605 5.0122572861
0.9560000000 2.9970687466 -0.0008907368 5.0091962442
0.9580000000 3.0070800132 -0.0009762635 5.0056332970
0.9600000000 3.0170834697 -0.0010417973 5.0017282432
0.9620000000 3.0270785918 -0.0011472901 4.9975610541
0.9640000000 3.0370645356 -0.0013075295 4.9929718938
0.9660000000 3.0470400191 0.0011812248 4.9877417758
0.9680000000 3.0570249525 0.0012877545 4.9924666750
0.9700000000 3.0670201879 0.0014174211 4.9976176930
0.9720000000 3.0770267626 0.0015482479 5.0032873774
0.9740000000 3.0870457233 0.0017176640 5.0094803690
0.9760000000 3.0970784254 0.0018854818 5.0163510251
0.9780000000 3.1071262113 0.0020822043 5.0238929524
0.9800000000 3.1171906548 0.0023100475 5.0322217698
0.9820000000 3.1272735788 0.0025409125 5.0414619598
0.9840000000 3.1373768300 0.0027219529 5.0516256097
0.9860000000 3.1475018568 0.0028439470 5.0625134212
0.9880000000 3.1576496352 0.0029386541 5.0738892091
0.9900000000 3.1678209229 0.0030491882 5.0856438256
0.9920000000 3.1780166040 0.0032051111 5.0978405783
0.9940000000 3.1882379261 0.0034293343 5.1106610228
0.9960000000 3.1984866828 0.0037568574 5.1243783600
0.9980000000 3.2087654944 0.0042176143 5.1394057897
1.0000000000 3.2190780469 0.0047326368 5.1562762467
