0.0020000000 0.0000000000 -0.0027798522 0.0000000000
0.0040000000 0.0019777612 0.0028023628 0.9888805913
0.0060000000 0.0039779413 0.0028241896 1.0000900425
0.0080000000 0.0060007149 0.0028448561 1.0113868009
0.0100000000 0.0080462473 0.0028646193 1.0227662254
0.0120000000 0.0101146967 0.0028838133 1.0342247028
0.0140000000 0.0122062166 0.0029029326 1.0457599560
0.0160000000 0.0143209600 0.0029223672 1.0573716864
0.0180000000 0.0164590823 0.0029424911 1.0690611553
0.0200000000 0.0186207446 0.0029636647 1.0808311197
0.0220000000 0.0208061161 0.0029862397 1.0926857786
0.0240000000 0.0230153776 0.0030105604 1.1046307374
0.0260000000 0.0252487236 0.0030369637 1.1166729789
0.0280000000 0.0275063652 0.0030657777 1.1288208338
0.0300000000 0.0297885331 0.0030973296 1.1410839448
0.0320000000 0.0320954796 0.0031319471 1.1534732633
0.0340000000 0.0344274817 0.0031699648 1.1660010519
0.0360000000 0.0367848436 0.0032117333 1.1786809111
0.0380000000 0.0391678992 0.0032576305 1.1915278442
0.0400000000 0.0415770160 0.0033081131 1.2045583661
0.0420000000 0.0440125976 0.0033636429 1.2177908186
0.0440000000 0.0464750884 0.0034248955 1.2312453902
0.0460000000 0.0489649783 0.0034927346 1.2449449722
0.0480000000 0.0514828102 0.0035681338 1.2589159105
0.0500000000 0.0540291871 0.0036521859 1.2731884456
0.0520000000 0.0566047814 0.0037458025 1.2877971891
0.0540000000 0.0592103422 0.0038493155 1.3027803990
0.0560000000 0.0618466976 0.0039631287 1.3181776609
0.0580000000 0.0645147579 0.0040869997 1.3340301759
0.0600000000 0.0672155143 0.0042197580 1.3503781748
0.0620000000 0.0699500287 0.0043591160 1.3672572069
0.0640000000 0.0727194160 0.0045013662 1.3846936709
0.0660000000 0.0755248143 0.0046411683 1.4026991357
0.0680000000 0.0783673419 0.0047713144 1.4212638087
0.0700000000 0.0812480400 0.0048832581 1.4403490664
0.0720000000 0.0841678042 0.0049675001 1.4598820988
0.0740000000 0.0871273084 0.0050172559 1.4797520994
0.0760000000 0.0901269507 0.0050283751 1.4998211229
0.0780000000 0.0931668199 0.0049961720 1.5199346235
0.0800000000 0.0962466585 0.0049266925 1.5399193113
0.0820000000 0.0993659107 0.0048291917 1.5596260813
0.0840000000 0.1025237964 0.0047132439 1.5789428482
0.0860000000 0.1057193880 0.0045877917 1.5977958236
0.0880000000 0.1089516820 0.0044606662 1.6161469903
0.0900000000 0.1122196613 0.0043378717 1.6339896552
0.0920000000 0.1155223436 0.0042235462 1.6513411421
0.0940000000 0.1188588143 0.0041202811 1.6682353268
0.0960000000 0.1222282472 0.0040293887 1.6847164513
0.0980000000 0.1256299152 0.0039511662 1.7008340062
0.1000000000 0.1290631925 0.0038851175 1.7166386709
0.1020000000 0.1325275508 0.0038301249 1.7321791409
0.1040000000 0.1360225501 0.0037846107 1.7474996406
0.1060000000 0.1395478263 0.0037466227 1.7626380833
0.1080000000 0.1431030754 0.0037142715 1.7776245740
0.1100000000 0.1466880387 0.0036865489 1.7924816600
0.1120000000 0.1503024944 0.0036637479 1.8072278555
0.1140000000 0.1539462601 0.0036447378 1.8218828470
0.1160000000 0.1576191837 0.0036297471 1.8364617982
0.1180000000 0.1613211453 0.0036180208 1.8509807865
0.1200000000 0.1650520510 0.0036071267 1.8654528697
0.1220000000 0.1688118138 0.0035933541 1.8798813764
0.1240000000 0.1726003234 0.0035716743 1.8942547929
0.1260000000 0.1764174064 0.0035357952 1.9085414899
0.1280000000 0.1802627757 0.0034790798 1.9226846709
0.1300000000 0.1841359777 0.0034001060 1.9366009900
0.1320000000 0.1880363805 0.0032970892 1.9502014139
0.1340000000 0.1919631601 0.0031693332 1.9633897705
0.1360000000 0.1959152943 0.0030264395 1.9760671033
0.1380000000 0.1998916400 0.0028795796 1.9881728613
0.1400000000 0.2038910223 0.0027369525 1.9996911798
0.1420000000 0.2079123003 0.0026035124 2.0106389896
0.1440000000 0.2119544064 0.0024813550 2.0210530391
0.1460000000 0.2160163633 0.0023704450 2.0309784591
0.1480000000 0.2200972838 0.0022694635 2.0404602392
0.1500000000 0.2241963600 -0.0002052946 2.0495380932
0.1520000000 0.2282937938 -0.0001832602 2.0487169146
0.1540000000 0.2323897616 -0.0001614550 2.0479838738
0.1560000000 0.2364844377 -0.0001397287 2.0473380536
0.1580000000 0.2405779959 -0.0001180082 2.0467791388
0.1600000000 0.2446706102 -0.0000960613 2.0463071060
0.1620000000 0.2487624559 -0.0000738412 2.0459228608
0.1640000000 0.2528537109 -0.0000511948 2.0456274959
0.1660000000 0.2569445563 -0.0000280369 2.0454227168
0.1680000000 0.2610351774 -0.0000045737 2.0453105692
0.1700000000 0.2651257620 0.0000189391 2.0452922745
0.1720000000 0.2692164981 0.0000422373 2.0453680310
0.1740000000 0.2733075720 0.0000650912 2.0455369800
0.1760000000 0.2773991667 0.0000874155 2.0457973450
0.1780000000 0.2814914607 0.0001094941 2.0461470069
0.1800000000 0.2855846307 0.0001312463 2.0465849834
0.1820000000 0.2896788506 0.0001529461 2.0471099684
0.1840000000 0.2937742941 0.0001747298 2.0477217530
0.1860000000 0.2978711355 0.0001966306 2.0484206720
0.1880000000 0.3019695499 0.0002189150 2.0492071943
0.1900000000 0.3060697156 0.0002415414 2.0500828544
0.1920000000 0.3101718136 0.0002643850 2.0510490199
0.1940000000 0.3142760267 0.0002871279 2.0521065599
0.1960000000 0.3183825369 0.0003094235 2.0532550714
0.1980000000 0.3224915224 0.0003311658 2.0544927654
0.2000000000 0.3266031573 0.0003526520 2.0558174287
0.2020000000 0.3307176133 0.0003746356 2.0572280369
0.2040000000 0.3348350665 0.0003972614 2.0587265793
0.2060000000 0.3389556977 0.0004214962 2.0603156250
0.2080000000 0.3430797010 0.0004475920 2.0620016098
0.2100000000 0.3472072849 0.0004755280 2.0637919779
0.2120000000 0.3513386731 0.0005052228 2.0656940898
0.2140000000 0.3554741031 0.0005362411 2.0677149811
0.2160000000 0.3596138230 0.0005681305 2.0698599456
0.2180000000 0.3637580879 0.0006004997 2.0721324676
0.2200000000 0.3679071568 0.0006330644 2.0745344665
0.2220000000 0.3720612903 0.0006657472 2.0770667243
0.2240000000 0.3762207497 0.0006990493 2.0797297133
0.2260000000 0.3803858015 0.0007331579 2.0825259105
0.2280000000 0.3845567186 0.0007686751 2.0854585422
0.2300000000 0.3887337851 0.0008057262 2.0885332427
0.2320000000 0.3929172974 0.0008441881 2.0917561474
0.2340000000 0.3971075632 0.0008838253 2.0951328996
0.2360000000 0.4013048996 0.0009242217 2.0986682008
0.2380000000 0.4055096298 0.0009648049 2.1023650874
0.2400000000 0.4097220784 0.0010049794 2.1062243071
0.2420000000 0.4139425668 0.0010440746 2.1102442249
0.2440000000 0.4181714079 0.0010818460 2.1144205235
0.2460000000 0.4224089037 0.0011193646 2.1187479075
0.2480000000 0.4266553544 0.0011549408 2.1232253661
0.2500000000 0.4309110447 0.0011994920 2.1278451291
0.2520000000 0.4351763309 0.0012439410 2.1326430970
0.2540000000 0.4394515686 0.0012928231 2.1376188608
0.2560000000 0.4437371489 0.0013462478 2.1427901534
0.2580000000 0.4480334992 0.0014037860 2.1481751446
0.2600000000 0.4523410798 0.0014645933 2.1537902886
0.2620000000 0.4566603771 0.0015278658 2.1596486620
0.2640000000 0.4609918973 0.0015929987 2.1657601251
0.2660000000 0.4653361616 0.0016596814 2.1721321200
0.2680000000 0.4696937033 0.0017281726 2.1787708455
0.2700000000 0.4740650703 0.0017992759 2.1856835361
0.2720000000 0.4784508316 0.0018745664 2.1928806395
0.2740000000 0.4828515894 0.0019557308 2.2003789050
0.2760000000 0.4872679931 0.0020436392 2.2082018283
0.2780000000 0.4917007459 0.0021384912 2.2163763853
0.2800000000 0.4961506066 0.0022394343 2.2249303502
0.2820000000 0.5006183827 0.0023443131 2.2338880873
0.2840000000 0.5051049134 0.0024492905 2.2432653396
0.2860000000 0.5096110384 0.0025487019 2.2530625014
0.2880000000 0.5141375530 0.0026358006 2.2632573089
0.2900000000 0.5186851541 0.0027120102 2.2738005115
0.2920000000 0.5232544512 0.0027756510 2.2846485524
0.2940000000 0.5278459535 0.0028279045 2.2957511564
0.2960000000 0.5324600790 0.0028731265 2.3070627742
0.2980000000 0.5370971896 0.0029156448 2.3185552802
0.3000000000 0.5417576253 0.0029599143 2.3302178595
0.3020000000 0.5464417403 0.0030094482 2.3420575167
0.3040000000 0.5511499309 0.0030672066 2.3540953095
0.3060000000 0.5558826592 0.0031357254 2.3663641360
0.3080000000 0.5606404733 0.0032173143 2.3789070378
0.3100000000 0.5654240259 0.0033143776 2.3917762950
0.3120000000 0.5702340935 0.0034299084 2.4050338054
0.3140000000 0.5750716004 0.0035686869 2.4187534391
0.3160000000 0.5799376568 0.0037366527 2.4330281869
0.3180000000 0.5848336063 0.0039369029 2.4479747977
0.3200000000 0.5897610512 0.0041683139 2.4637224093
0.3220000000 0.5947218425 0.0044206830 2.4803956649
0.3240000000 0.5997179993 0.0046708847 2.4980783967
0.3260000000 0.6047515232 0.0048813591 2.5167619355
0.3280000000 0.6098240979 0.0050074613 2.5362873720
0.3300000000 0.6149367323 0.0050222472 2.5563172172
0.3320000000 0.6200895447 0.0049214487 2.5764062059
0.3340000000 0.6252817288 0.0047467788 2.5960920008
0.3360000000 0.6305118870 0.0045420077 2.6150791161
0.3380000000 0.6357783813 0.0043407826 2.6332471470
0.3400000000 0.6410796018 0.0041627768 2.6506102775
0.3420000000 0.6464141246 0.0040163186 2.6672613845
0.3440000000 0.6517807779 0.0039022642 2.6833266591
0.3460000000 0.6571786494 0.0038168035 2.6989357160
0.3480000000 0.6626070552 0.0037533838 2.7142029300
0.3500000000 0.6680654881 0.0037045808 2.7292164651
0.3520000000 0.6735535577 0.0036671938 2.7440347885
0.3540000000 0.6790709648 0.0036395557 2.7587035638
0.3560000000 0.6846174884 0.0036205739 2.7732617867
0.3580000000 0.6901929766 0.0036038474 2.7877440823
0.3600000000 0.6957972955 0.0035763903 2.8021594719
0.3620000000 0.7014302256 0.0035195902 2.8164650330
0.3640000000 0.7070913124 0.0034165266 2.8305433940
0.3660000000 0.7127797314 0.0032643117 2.8442095004
0.3680000000 0.7184942649 0.0030659754 2.8572667472
0.3700000000 0.7242333262 0.0028544503 2.8695306487
0.3720000000 0.7299952231 0.0026543608 2.8809484497
0.3740000000 0.7357783549 0.0024767723 2.8915658928
0.3760000000 0.7415813008 0.0023224495 2.9014729822
0.3780000000 0.7474028264 -0.0002068414 2.9107627801
0.3800000000 0.7532226972 -0.0001755849 2.9099354145
0.3820000000 0.7590411634 -0.0001446553 2.9092330749
0.3840000000 0.7648584723 -0.0001137823 2.9086544537
0.3860000000 0.7706748709 -0.0000824253 2.9081993247
0.3880000000 0.7764906102 -0.0000503745 2.9078696235
0.3900000000 0.7823059464 -0.0000173365 2.9076681255
0.3920000000 0.7881211440 0.0000161006 2.9075987793
0.3940000000 0.7939364703 0.0000491867 2.9076631816
0.3960000000 0.7997521902 0.0000813068 2.9078599283
0.3980000000 0.8055685605 0.0001127060 2.9081851557
0.4000000000 0.8113858325 0.0001435955 2.9086359798
0.4020000000 0.8172042532 0.0001745255 2.9092103616
0.4040000000 0.8230240701 0.0002057388 2.9099084636
0.4060000000 0.8288455330 0.0002376954 2.9107314188
0.4080000000 0.8346688974 0.0002701226 2.9116822004
0.4100000000 0.8404944227 0.0003021796 2.9127626910
0.4120000000 0.8463223656 0.0003331450 2.9139714094
0.4140000000 0.8521529735 0.0003638645 2.9153039895
0.4160000000 0.8579864924 0.0003955339 2.9167594477
0.4180000000 0.8638231756 0.0004301524 2.9183415832
0.4200000000 0.8696633000 0.0004684182 2.9200621929
0.4220000000 0.8755071717 0.0005102500 2.9219358656
0.4240000000 0.8813551254 0.0005545738 2.9239768658
0.4260000000 0.8872075158 0.0006001693 2.9261951612
0.4280000000 0.8930647074 0.0006461598 2.9285958385
0.4300000000 0.8989270684 0.0006927242 2.9311804777
0.4320000000 0.9047949712 0.0007408441 2.9339513747
0.4340000000 0.9106688007 0.0007917366 2.9369147513
0.4360000000 0.9165489640 0.0008139383 2.9400816977
0.4380000000 0.9224356390 0.0009014490 2.9433374507
0.4400000000 0.9283295254 0.0009584018 2.9469432468
0.4420000000 0.9342310792 0.0010146977 2.9507768541
0.4440000000 0.9401407504 0.0010686705 2.9548356449
0.4460000000 0.9460589711 0.0011211263 2.9591103269
0.4480000000 0.9519861608 0.0011762605 2.9635948319
0.4500000000 0.9579227605 0.0012361034 2.9682998738
0.4520000000 0.9638692491 0.0013041017 2.9732442872
0.4540000000 0.9698261705 0.0013806026 2.9784606939
0.4560000000 0.9757941367 0.0014639502 2.9839831041
0.4580000000 0.9817738145 0.0015519554 2.9898389048
0.4600000000 0.9877659079 0.0016431229 2.9960467264
0.4620000000 0.9937711464 0.0017373805 3.0026192180
0.4640000000 0.9997902839 0.0018367791 3.0095687401
0.4660000000 1.0058241156 0.0019454740 3.0169158564
0.4680000000 1.0118735111 0.0020663773 3.0246977524
0.4700000000 1.0179394376 0.0021996844 3.0329632618
0.4720000000 1.0240229616 0.0023417725 3.0417619992
0.4740000000 1.0301252198 0.0024838420 3.0511290890
0.4760000000 1.0362473487 0.0026111529 3.0610644569
0.4780000000 1.0423903668 0.0027161557 3.0715090686
0.4800000000 1.0485551142 0.0027985554 3.0823736913
0.4820000000 1.0547422500 0.0028630439 3.0935679131
0.4840000000 1.0609522902 0.0029200994 3.1050200886
0.4860000000 1.0671856912 0.0029803822 3.1167004862
0.4880000000 1.0734429352 0.0030519374 3.1286220149
0.4900000000 1.0797245947 0.0031410642 3.1408297645
0.4920000000 1.0860313828 0.0032530632 3.1533940214
0.4940000000 1.0923641953 0.0033935378 3.1664062742
0.4960000000 1.0987241562 0.0035711124 3.1799804252
0.4980000000 1.1051126859 0.0037980530 3.1942648747
0.5000000000 1.1115316001 0.0040792827 3.2094570867
0.5020000000 1.1179831485 0.0044026171 3.2257742175
0.5040000000 1.1244699179 0.0047230483 3.2433846860
0.5060000000 1.1309944717 0.0049582977 3.2622768791
0.5080000000 1.1375586918 0.0050268521 3.2821100701
0.5100000000 1.1441631268 0.0049055278 3.3022174784
0.5120000000 1.1508068059 0.0046704566 3.3218395894
0.5140000000 1.1574878488 0.0044088770 3.3405214157
0.5160000000 1.1642041626 0.0041755630 3.3581569237
0.5180000000 1.1709538810 0.0039922030 3.3748591756
0.5200000000 1.1777355370 0.0038599742 3.3908279878
0.5220000000 1.1845480727 0.0037690658 3.4062678845
0.5240000000 1.1913907610 0.0037048031 3.4213441475
0.5260000000 1.1982630877 0.0036587231 3.4361633598
0.5280000000 1.2051646842 0.0036276373 3.4507982521
0.5300000000 1.2120953018 0.0034508866 3.4653088015
0.5320000000 1.2190535265 0.0035754284 3.4791123481
0.5340000000 1.2260403547 0.0035011127 3.4934140619
0.5360000000 1.2330551917 0.0033559894 3.5074185125
0.5380000000 1.2400968766 0.0031344684 3.5208424700
0.5400000000 1.2471636373 0.0028751461 3.5333803436
0.5420000000 1.2542533992 0.0026294075 3.5448809280
0.5440000000 1.2613641963 0.0024181411 3.5553985578
0.5460000000 1.2684943385 0.0022401461 3.5650711222
0.5480000000 1.2756424019 -0.0001827039 3.5740317065
0.5500000000 1.2827890037 -0.0001447005 3.5733008908
0.5520000000 1.2899344479 -0.0001067212 3.5727220887
0.5540000000 1.2970790383 -0.0000679275 3.5722952038
0.5560000000 1.3042230853 -0.0000277853 3.5720234939
0.5580000000 1.3113669100 0.0000132514 3.5719123529
0.5600000000 1.3185108407 0.0000538288 3.5719653583
0.5620000000 1.3256552021 0.0000929655 3.5721806736
0.5640000000 1.3328003071 0.0001311737 3.5725525354
0.5660000000 1.3399464616 0.0001691294 3.5730772301
0.5680000000 1.3470939691 0.0002074482 3.5737537478
0.5700000000 1.3542431362 0.0002468355 3.5745835404
0.5720000000 1.3613942779 0.0002865674 3.5755708824
0.5740000000 1.3685477122 0.0003250642 3.5767171520
0.5760000000 1.3757037471 0.0003627103 3.5780174088
0.5780000000 1.3828626836 0.0004018946 3.5794682500
0.5800000000 1.3900248352 0.0004458371 3.5810758285
0.5820000000 1.3971905536 0.0004952802 3.5828591770
0.5840000000 1.4043602342 0.0005490672 3.5848402980
0.5860000000 1.4115343073 0.0006049332 3.5870365667
0.5880000000 1.4187132199 0.0006613320 3.5894562996
0.5900000000 1.4258974232 0.0007191101 3.5921016278
0.5920000000 1.4330873793 0.0007802397 3.5949780681
0.5940000000 1.4402835773 0.0008456572 3.5980990268
0.5960000000 1.4474865407 0.0009142986 3.6014816557
0.5980000000 1.4546968184 0.0009837657 3.6051388502
0.6000000000 1.4619149662 0.0010509662 3.6090739130
0.6020000000 1.4691415217 0.0011149736 3.6132777780
0.6040000000 1.4763769971 0.0011823991 3.6177376725
0.6060000000 1.4836219316 0.0012576280 3.6224672689
0.6080000000 1.4908769272 0.0013453575 3.6274977808
0.6100000000 1.4981426856 0.0014444427 3.6328792108
0.6120000000 1.5054199996 0.0015361682 3.6386569815
0.6140000000 1.5127096029 0.0016622117 3.6448016544
0.6160000000 1.5200125039 0.0017783957 3.6514505012
0.6180000000 1.5273296320 0.0019045707 3.6585640838
0.6200000000 1.5346619968 0.0020473723 3.6661823666
0.6220000000 1.5420107405 0.0022081934 3.6743718560
0.6240000000 1.5493771498 0.0023806527 3.6832046295
0.6260000000 1.5567626042 0.0025471919 3.6927272403
0.6280000000 1.5641684363 0.0026831290 3.7029160081
0.6300000000 1.5715957333 0.0027889216 3.7136485241
0.6320000000 1.5790453417 0.0028667018 3.7248042106
0.6340000000 1.5865178838 0.0029355956 3.7362710176
0.6360000000 1.5940139106 0.0030129420 3.7480134002
0.6380000000 1.6015340409 0.0031112525 3.7600651682
0.6400000000 1.6090790612 0.0032401171 3.7725101783
0.6420000000 1.6166500025 0.0034088681 3.7854706469
0.6440000000 1.6242482148 0.0036323182 3.7991061191
0.6460000000 1.6318754856 0.0039289556 3.8136353918
0.6480000000 1.6395341880 0.0042968098 3.8293512141
0.6500000000 1.6472272649 0.0046841403 3.8465384533
0.6520000000 1.6549578149 0.0049672321 3.8652750145
0.6540000000 1.6627281028 0.0050141605 3.8851439430
0.6560000000 1.6705385040 0.0048160201 3.9052005850
0.6580000000 1.6783874333 0.0045137500 3.9244646653
0.6600000000 1.6862724726 0.0042250745 3.9425196653
0.6620000000 1.6941913126 0.0040011062 3.9594199635
0.6640000000 1.7021421613 0.0038176765 3.9754243881
0.6660000000 1.7101235515 0.0037489440 3.9906950942
0.6680000000 1.7181349333 0.0036821865 4.0056908703
0.6700000000 1.7261757725 0.0036385850 4.0204196163
0.6720000000 1.7342457204 0.0036121379 4.0349739565
0.6740000000 1.7423445654 0.0035790666 4.0494225079
0.6760000000 1.7504720430 0.0034895244 4.0637387744
0.6780000000 1.7586274367 0.0033034048 4.0776968721
0.6800000000 1.7668092577 0.0030231339 4.0909104914
0.6820000000 1.7750152638 0.0027259681 4.1030030272
0.6840000000 1.7832430776 0.0024676202 4.1139068997
0.6860000000 1.7914906323 0.0022557625 4.1237773804
0.6880000000 1.7997562332 -0.0001793997 4.1328004303
0.6900000000 1.8080203989 -0.0001355082 4.1320828314
0.6920000000 1.8162834805 -0.0000913379 4.1315407986
0.6940000000 1.8245458313 -0.0000458806 4.1311754472
0.6960000000 1.8328078152 0.0000013228 4.1309919247
0.6980000000 1.8410698096 0.0000484745 4.1309972159
0.7000000000 1.8493321919 0.0000938589 4.1311911137
0.7020000000 1.8575953250 0.0001379835 4.1315665495
0.7040000000 1.8658595619 0.0001818970 4.1321184834
0.7060000000 1.8741252541 0.0002267013 4.1328460713
0.7080000000 1.8823927598 0.0002726272 4.1337528767
0.7100000000 1.8906624466 0.0003176377 4.1348433857
0.7120000000 1.8989346745 0.0003848513 4.1361139366
0.7140000000 1.9072099811 0.0004065776 4.1376533420
0.7160000000 1.9154885404 0.0004584861 4.1392796523
0.7180000000 1.9237707676 0.0005175426 4.1411135968
0.7200000000 1.9320571352 0.0005811149 4.1431837671
0.7220000000 1.9403481516 0.0006461132 4.1455082265
0.7240000000 1.9486443370 0.0007123650 4.1480926793
0.7260000000 1.9569462213 0.0007827504 4.1509421392
0.7280000000 1.9652543675 0.0008587681 4.1540731408
0.7300000000 1.9735693840 0.0009385422 4.1575082133
0.7320000000 1.9818919087 0.0010180075 4.1612623821
0.7340000000 1.9902225776 0.0010929552 4.1653344121
0.7360000000 1.9985619900 0.0011691263 4.1697062328
0.7380000000 2.0069107555 0.0012543697 4.1743827381
0.7400000000 2.0152695559 0.0013558850 4.1794002167
0.7420000000 2.0236392035 0.0014718407 4.1848237568
0.7440000000 2.0320206257 0.0015964963 4.1907111196
0.7460000000 2.0404148199 0.0017268956 4.1970971050
0.7480000000 2.0488228293 0.0018669342 4.2040046876
0.7500000000 2.0572457741 0.0020266654 4.2114724244
0.7520000000 2.0656849323 0.0022100928 4.2195790861
0.7540000000 2.0741417712 0.0024082037 4.2284194573
0.7560000000 2.0826178758 0.0025928349 4.2380522722
0.7580000000 2.0911147230 0.0027362102 4.2484236117
0.7600000000 2.0996334599 0.0028379037 4.2593684524
0.7620000000 2.1081749000 0.0029181006 4.2707200670
0.7640000000 2.1167396850 0.0030037716 4.2823924693
0.7660000000 2.1253285001 0.0031149546 4.2944075559
0.7680000000 2.1339422348 0.0032661334 4.3068673744
0.7700000000 2.1425820986 0.0034717602 4.3199319081
0.7720000000 2.1512497365 0.0037563672 4.3338189490
0.7740000000 2.1599474254 0.0041384285 4.3488444179
0.7760000000 2.1686782216 0.0045816160 4.3653981321
0.7780000000 2.1774456708 0.0049408352 4.3837245959
0.7800000000 2.1862526467 0.0050167825 4.4034879369
0.7820000000 2.1950997568 0.0047831715 4.4235550667
0.7840000000 2.2039851323 0.0044375795 4.4426877529
0.7860000000 2.2129060085 0.0041318284 4.4604380709
0.7880000000 2.2218599392 0.0039156279 4.4769653845
0.7900000000 2.2308451950 0.0037808697 4.4926278962
0.7920000000 2.2398606978 0.0036967313 4.5077513748
0.7940000000 2.2489057744 0.0036434938 4.5225383002
0.7960000000 2.2579799989 0.0036129918 4.5371122755
0.7980000000 2.2670831274 0.0035726531 4.5515642427
0.8000000000 2.2762148371 0.0034514436 4.5658548550
0.8020000000 2.2853741584 0.0032049546 4.5796606294
0.8040000000 2.2945591193 0.0028712653 4.5924804477
0.8060000000 2.3037670503 0.0025595579 4.6039655089
0.8080000000 2.3129954578 0.0023069311 4.6142037407
0.8100000000 2.3222423207 -0.0001853710 4.6234314649
0.8120000000 2.3314877007 -0.0001362058 4.6226899807
0.8140000000 2.3407319910 -0.0000867201 4.6221451576
0.8160000000 2.3499755875 -0.0000354754 4.6217982773
0.8180000000 2.3592189003 0.0000175514 4.6216563756
0.8200000000 2.3684623535 0.0000696294 4.6217265814
0.8220000000 2.3777063637 0.0001195567 4.6220050988
0.8240000000 2.3869513303 0.0001686413 4.6224833256
0.8260000000 2.3961976461 0.0002183991 4.6231578907
0.8280000000 2.4054457091 0.0002696998 4.6240314871
0.8300000000 2.4146959296 0.0003201051 4.6251102861
0.8320000000 2.4239487111 0.0003689274 4.6263907066
0.8340000000 2.4332044439 0.0004211785 4.6278664161
0.8360000000 2.4424635461 0.0004822089 4.6295511299
0.8380000000 2.4517265061 0.0005511324 4.6314799654
0.8400000000 2.4609938751 0.0006234963 4.6336844949
0.8420000000 2.4702662320 0.0006969798 4.6361784800
0.8440000000 2.4795441648 0.0007746533 4.6389663992
0.8460000000 2.4888282948 0.0008592967 4.6420650123
0.8480000000 2.4981192992 0.0009485544 4.6455021989
0.8500000000 2.5074178921 0.0010367326 4.6492964166
0.8520000000 2.5167247788 0.0011197914 4.6534433468
0.8540000000 2.5260406238 0.0012081219 4.6579225123
0.8560000000 2.5353661338 0.0013126235 4.6627550000
0.8580000000 2.5447021448 0.0014369862 4.6680054939
0.8600000000 2.5540496517 0.0015742559 4.6737534386
0.8620000000 2.5634097526 0.0017189795 4.6800504623
0.8640000000 2.5727836053 0.0018752146 4.6869263804
0.8660000000 2.5821724598 0.0020561518 4.6944272389
0.8680000000 2.5915777635 0.0022656667 4.7026518461
0.8700000000 2.6010011925 0.0024859217 4.7117145130
0.8720000000 2.6104445089 0.0026707019 4.7216581998
0.8740000000 2.6199091910 0.0028051766 4.7323410075
0.8760000000 2.6293963144 0.0028987923 4.7435617141
0.8780000000 2.6389066282 0.0029901784 4.7551568831
0.8800000000 2.6484408633 0.0031093352 4.7671175969
0.8820000000 2.6579999732 0.0032767430 4.7795549377
0.8840000000 2.6675852970 0.0035124464 4.7926619096
0.8860000000 2.6771987204 0.0038502051 4.8067116952
0.8880000000 2.6868429455 0.0043031156 4.8221125156
0.8900000000 2.6965215954 0.0047779336 4.8393249779
0.8920000000 2.7062384688 0.0050254619 4.8584367122
0.8940000000 2.7159955460 0.0048737188 4.8785385597
0.8960000000 2.7257916128 0.0045050575 4.8980334351
0.8980000000 2.7356237202 0.0041563858 4.9160536652
0.9000000000 2.7454890786 0.0039134278 4.9326792084
0.9020000000 2.7553857444 0.0037687306 4.9483329195
0.9040000000 2.7653125601 0.0036817072 4.9634078419
0.9060000000 2.7752688294 0.0036303224 4.9781346706
0.9080000000 2.7852541414 0.0035986991 4.9926559602
0.9100000000 2.7952682429 0.0035238236 5.0070507566
0.9120000000 2.8053105350 0.0033164002 5.0211460510
0.9140000000 2.8153793583 0.0029705468 5.0344116519
0.9160000000 2.8254719460 0.0026161360 5.0462938389
0.9180000000 2.8355854627 0.0023292972 5.0567583830
0.9200000000 2.8457176139 -0.0001862534 5.0660755718
0.9220000000 2.8558482750 -0.0001324049 5.0653305582
0.9240000000 2.8659778769 -0.0000780273 5.0648009384
0.9260000000 2.8761068545 -0.0000212857 5.0644888291
0.9280000000 2.8862356619 0.0000368047 5.0644036863
0.9300000000 2.8963647637 0.0000927815 5.0645509049
0.9320000000 2.9064946078 0.0001468366 5.0649220308
0.9340000000 2.9166256265 0.0002008999 5.0655093771
0.9360000000 2.9267582525 0.0002567289 5.0663129768
0.9380000000 2.9368929323 0.0003123695 5.0673398924
0.9400000000 2.9470301110 0.0003658102 5.0685893704
0.9420000000 2.9571702162 0.0004229683 5.0700526110
0.9440000000 2.9673137052 0.0004906070 5.0717444843
0.9460000000 2.9774611190 0.0005670474 5.0737069122
0.9480000000 2.9876130692 0.0006465394 5.0759751016
0.9500000000 2.9977701917 0.0007281059 5.0785612592
0.9520000000 3.0079331391 0.0008166796 5.0814736827
0.9540000000 3.0181026199 0.0009126829 5.0847404011
0.9560000000 3.0282794022 0.0010103103 5.0883911326
0.9580000000 3.0384642669 0.0011018799 5.0924323739
0.9600000000 3.0486579467 0.0011970207 5.0968398934
0.9620000000 3.0588612027 0.0013099034 5.1016279761
0.9640000000 3.0690749378 0.0014463859 5.1068675896
0.9660000000 3.0793002441 0.0015975603 5.1126531333
0.9680000000 3.0895383309 0.0017576193 5.1190433746
0.9700000000 3.0997904786 0.0019352758 5.1260738519
0.9720000000 3.1100581085 0.0021459502 5.1338149551
0.9740000000 3.1203429060 0.0023843613 5.1423987560
0.9760000000 3.1306467784 0.0026080000 5.1519362012
0.9780000000 3.1409715148 0.0027712748 5.1623682011
0.9800000000 3.1513184214 0.0028802380 5.1734533003
0.9820000000 3.1616883699 0.0029787535 5.1849742522
0.9840000000 3.1720821484 0.0031075474 5.1968892661
0.9860000000 3.1825007873 0.0032936688 5.2093194558
0.9880000000 3.1929457756 0.0035640722 5.2224941308
0.9900000000 3.2034192764 0.0039622284 5.2367504197
0.9920000000 3.2139244751 0.0044815737 5.2525993333
0.9940000000 3.2244655264 0.0049343123 5.2705256282
0.9960000000 3.2350460521 0.0049911224 5.2902628773
0.9980000000 3.2456665068 0.0046528680 5.3102273668
1.0000000000 3.2563241845 0.0042498829 5.3288388388
