0.0020000000 0.0000000000 -0.0027798522 0.0000000000
0.0040000000 0.0019777612 0.0028023628 0.9888805913
0.0060000000 0.0039779413 0.0028241896 1.0000900425
0.0080000000 0.0060007149 0.0028448561 1.0113868009
0.0100000000 0.0080462473 0.0028646193 1.0227662254
0.0120000000 0.0101146967 0.0028838133 1.0342247028
0.0140000000 0.0122062166 0.0029029326 1.0457599560
0.0160000000 0.0143209600 0.0029223672 1.0573716864
0.0180000000 0.0164590823 0.0029424911 1.0690611553
0.0200000000 0.0186207446 0.0029636647 1.0808311197
0.0220000000 0.0208061161 0.0029862397 1.0926857786
0.0240000000 0.0230153776 0.0030105604 1.1046307374
0.0260000000 0.0252487236 0.0030369637 1.1166729789
0.0280000000 0.0275063652 0.0030657777 1.1288208338
0.0300000000 0.0297885331 0.0030973296 1.1410839448
0.0320000000 0.0320954796 0.0031319471 1.1534732633
0.0340000000 0.0344274817 0.0031699648 1.1660010519
0.0360000000 0.0367848436 0.0032117333 1.1786809111
0.0380000000 0.0391678992 0.0032576305 1.1915278442
0.0400000000 0.0415770160 0.0033081131 1.2045583661
0.0420000000 0.0440125976 0.0033636429 1.2177908186
0.0440000000 0.0464750884 0.0034248955 1.2312453902
0.0460000000 0.0489649783 0.0034927346 1.2449449722
0.0480000000 0.0514828102 0.0035681338 1.2589159105
0.0500000000 0.0540291871 0.0036521859 1.2731884456
0.0520000000 0.0566047814 0.0037458025 1.2877971891
0.0540000000 0.0592103422 0.0038493155 1.3027803990
0.0560000000 0.0618466976 0.0039631287 1.3181776609
0.0580000000 0.0645147579 0.0040869997 1.3340301759
0.0600000000 0.0672155143 0.0042197580 1.3503781748
0.0620000000 0.0699500287 0.0043591160 1.3672572069
0.0640000000 0.0727194160 0.0045013662 1.3846936709
0.0660000000 0.0755248143 0.0046411683 1.4026991357
0.0680000000 0.0783673419 0.0047713144 1.4212638087
0.0700000000 0.0812480400 0.0048832581 1.4403490664
0.0720000000 0.0841678042 0.0049675001 1.4598820988
0.0740000000 0.0871273084 0.0050172559 1.4797520994
0.0760000000 0.0901269507 0.0050283751 1.4998211229
0.0780000000 0.0931668199 0.0049961720 1.5199346235
0.0800000000 0.0962466585 0.0049266925 1.5399193113
0.0820000000 0.0993659107 0.0048291917 1.5596260813
0.0840000000 0.1025237964 0.0047132439 1.5789428482
0.0860000000 0.1057193880 0.0045877917 1.5977958236
0.0880000000 0.1089516820 0.0044606662 1.6161469903
0.0900000000 0.1122196613 0.0043378717 1.6339896552
0.0920000000 0.1155223436 0.0042235462 1.6513411421
0.0940000000 0.1188588143 0.0041202811 1.6682353268
0.0960000000 0.1222282472 0.0040293887 1.6847164513
0.0980000000 0.1256299152 0.0039511662 1.7008340062
0.1000000000 0.1290631925 0.0038851175 1.7166386709
0.1020000000 0.1325275508 0.0038301249 1.7321791409
0.1040000000 0.1360225501 0.0037846107 1.7474996406
0.1060000000 0.1395478263 0.0037466227 1.7626380833
0.1080000000 0.1431030754 0.0037142715 1.7776245740
0.1100000000 0.1466880387 0.0036865489 1.7924816600
0.1120000000 0.1503024944 0.0036637479 1.8072278555
0.1140000000 0.1539462601 0.0036447378 1.8218828470
0.1160000000 0.1576191837 0.0036297471 1.8364617982
0.1180000000 0.1613211453 0.0036180208 1.8509807865
0.1200000000 0.1650520510 0.0036071267 1.8654528697
0.1220000000 0.1688118138 0.0035933541 1.8798813764
0.1240000000 0.1726003234 0.0035716743 1.8942547929
0.1260000000 0.1764174064 0.0035357952 1.9085414899
0.1280000000 0.1802627757 0.0034790798 1.9226846709
0.1300000000 0.1841359777 0.0034001060 1.9366009900
0.1320000000 0.1880363805 0.0032970892 1.9502014139
0.1340000000 0.1919631601 0.0031693332 1.9633897705
0.1360000000 0.1959152943 0.0030264395 1.9760671033
0.1380000000 0.1998916400 0.0028795796 1.9881728613
0.1400000000 0.2038910223 0.0027369525 1.9996911798
0.1420000000 0.2079123003 0.0026035124 2.0106389896
0.1440000000 0.2119544064 0.0024813550 2.0210530391
0.1460000000 0.2160163633 0.0023704450 2.0309784591
0.1480000000 0.2200972838 0.0022694635 2.0404602392
0.1500000000 0.2241963600 0.0021763138 2.0495380932
0.1520000000 0.2283128467 0.0020884370 2.0582433485
0.1540000000 0.2324460409 0.0020032152 2.0665970966
0.1560000000 0.2365952608 0.0019176540 2.0746099575
0.1580000000 0.2407598219 0.0018296662 2.0822805735
0.1600000000 0.2449390204 0.0017385054 2.0895992384
0.1620000000 0.2491321269 0.0016433192 2.0965532598
0.1640000000 0.2533383800 0.0015458228 2.1031265368
0.1660000000 0.2575569997 0.0014471454 2.1093098281
0.1680000000 0.2617871965 0.0013464291 2.1150984096
0.1700000000 0.2660281647 0.0012424708 2.1204841258
0.1720000000 0.2702790728 0.0011342885 2.1254540088
0.1740000000 0.2745390551 0.0010217515 2.1299911629
0.1760000000 0.2788072114 0.0009092717 2.1340781691
0.1780000000 0.2830826419 0.0008021706 2.1377152559
0.1800000000 0.2873644898 0.0007013941 2.1409239382
0.1820000000 0.2916519488 0.0006081197 2.1437295148
0.1840000000 0.2959442728 0.0005213923 2.1461619937
0.1860000000 0.3002407679 0.0004390803 2.1482475628
0.1880000000 0.3045407757 0.0003587812 2.1500038838
0.1900000000 0.3088436537 0.0002780179 2.1514390087
0.1920000000 0.3131487559 0.0001943573 2.1525510804
0.1940000000 0.3174554129 0.0001058407 2.1533285095
0.1960000000 0.3217629167 0.0000115966 2.1537518724
0.1980000000 0.3260705132 -0.0000875850 2.1537982586
0.2000000000 0.3303774090 -0.0001882327 2.1534479185
0.2020000000 0.3346827990 -0.0002852114 2.1526949879
0.2040000000 0.3389859073 -0.0003710681 2.1515541423
0.2060000000 0.3432860470 -0.0004454118 2.1500698699
0.2080000000 0.3475826235 -0.0005090781 2.1482882227
0.2100000000 0.3518751273 -0.0005628798 2.1462519103
0.2120000000 0.3561631281 -0.0006114658 2.1440003913
0.2140000000 0.3604462371 -0.0006592311 2.1415545281
0.2160000000 0.3647240723 -0.0007094621 2.1389176037
0.2180000000 0.3689962318 -0.0007638329 2.1360797552
0.2200000000 0.3732622807 -0.0008201642 2.1330244235
0.2220000000 0.3775217682 -0.0008722400 2.1297437668
0.2240000000 0.3817742778 -0.0009183491 2.1262548069
0.2260000000 0.3860194406 -0.0009544764 2.1225814106
0.2280000000 0.3902569677 -0.0009830386 2.1187635048
0.2300000000 0.3944866304 -0.0010090773 2.1148313504
0.2320000000 0.3987082204 -0.0010381138 2.1107950411
0.2340000000 0.4029215056 -0.0010745025 2.1066425860
0.2360000000 0.4071261948 -0.0011209624 2.1023445761
0.2380000000 0.4113219162 -0.0011783557 2.0978607265
0.2400000000 0.4155082108 -0.0012452791 2.0931473038
0.2420000000 0.4196845432 -0.0013171413 2.0881661873
0.2440000000 0.4238503384 -0.0013852842 2.0828976220
0.2460000000 0.4280050514 -0.0014390970 2.0773564850
0.2480000000 0.4321482516 -0.0014655364 2.0716000971
0.2500000000 0.4362797275 -0.0014511731 2.0657379515
0.2520000000 0.4403995940 -0.0013961200 2.0599332589
0.2540000000 0.4445082916 -0.0013051922 2.0543487790
0.2560000000 0.4486065476 -0.0011901909 2.0491280104
0.2580000000 0.4526952821 -0.0010652271 2.0443672469
0.2600000000 0.4567754948 -0.0009426303 2.0401063384
0.2620000000 0.4608481664 -0.0008315378 2.0363358173
0.2640000000 0.4649141857 -0.0007375265 2.0330096663
0.2660000000 0.4689743049 -0.0006612250 2.0300595603
0.2680000000 0.4730291342 -0.0006010761 2.0274146603
0.2700000000 0.4770791549 -0.0005512973 2.0250103557
0.2720000000 0.4811247652 -0.0005044364 2.0228051663
0.2740000000 0.4851663401 -0.0004559466 2.0207874206
0.2760000000 0.4892042673 -0.0004044455 2.0189636343
0.2780000000 0.4932389590 -0.0003504360 2.0173458521
0.2800000000 0.4972708473 -0.0002953333 2.0159441080
0.2820000000 0.5013003728 -0.0002407343 2.0147627748
0.2840000000 0.5053279725 -0.0001882580 2.0137998377
0.2860000000 0.5093540661 -0.0001395831 2.0130468059
0.2880000000 0.5133790430 -0.0000963242 2.0124884733
0.2900000000 0.5174032494 -0.0000569019 2.0121031767
0.2920000000 0.5214270005 -0.0000189589 2.0118755692
0.2940000000 0.5254506000 0.0028018291 2.0117997337
0.2960000000 0.5294966141 0.0028447250 2.0230070501
0.2980000000 0.5335653860 0.0028833354 2.0343859500
0.3000000000 0.5376572246 0.0029208079 2.0459192915
0.3020000000 0.5417724296 0.0029600612 2.0576025232
0.3040000000 0.5459113152 0.0030034899 2.0694427682
0.3060000000 0.5500742286 0.0030531759 2.0814567279
0.3080000000 0.5542615675 0.0031109398 2.0936694314
0.3100000000 0.5584737939 0.0031784474 2.1061131905
0.3120000000 0.5627114478 0.0032573388 2.1188269800
0.3140000000 0.5669751605 0.0033494996 2.1318563351
0.3160000000 0.5712656692 0.0034574197 2.1452543335
0.3180000000 0.5755838372 0.0035849224 2.1590840124
0.3200000000 0.5799306846 0.0037363899 2.1734237020
0.3220000000 0.5843074231 0.0039138728 2.1883692616
0.3240000000 0.5887154726 0.0041170722 2.2040247528
0.3260000000 0.5931564587 0.0043400889 2.2204930415
0.3280000000 0.5976321655 0.0045690088 2.2378533971
0.3300000000 0.6021444244 0.0047802525 2.2561294323
0.3320000000 0.6066949253 0.0049419622 2.2752504423
0.3340000000 0.6112849618 0.0050239651 2.2950182911
0.3360000000 0.6159151901 0.0050108201 2.3151141514
0.3380000000 0.6205855050 0.0049071713 2.3351574316
0.3400000000 0.6252950772 0.0047462758 2.3547861168
0.3420000000 0.6300426197 0.0045605764 2.3737712198
0.3440000000 0.6348266467 0.0043757289 2.3920135254
0.3460000000 0.6396456796 0.0042078897 2.4095164408
0.3480000000 0.6444983756 0.0040650059 2.4263479997
0.3500000000 0.6493835917 0.0039492852 2.4426080233
0.3520000000 0.6543004020 0.0038591086 2.4584051642
0.3540000000 0.6592480852 0.0037903931 2.4738415985
0.3560000000 0.6642260915 0.0037375929 2.4890031707
0.3580000000 0.6692339986 0.0036956211 2.5039535424
0.3600000000 0.6742714707 0.0036631065 2.5187360268
0.3620000000 0.6793382476 0.0036384589 2.5333884528
0.3640000000 0.6844341321 0.0036211095 2.5479422883
0.3660000000 0.6895589856 0.0036059891 2.5624267263
0.3680000000 0.6947126870 0.0035833313 2.5768506827
0.3700000000 0.6998950550 0.0035391486 2.5911840078
0.3720000000 0.7051057362 0.0034579182 2.6053406022
0.3740000000 0.7103440807 0.0033359677 2.6191722751
0.3760000000 0.7156091130 0.0031696784 2.6325161459
0.3780000000 0.7208995027 0.0028900814 2.6451948593
0.3800000000 0.7262130131 0.0027834996 2.6567551848
0.3820000000 0.7315487915 0.0026042076 2.6678891830
0.3840000000 0.7369054035 0.0024450302 2.6783060134
0.3860000000 0.7422815758 0.0023052417 2.6880861341
0.3880000000 0.7476761900 0.0021807421 2.6973071008
0.3900000000 0.7530882501 0.0020657699 2.7060300691
0.3920000000 0.7585168364 0.0019541826 2.7142931487
0.3940000000 0.7639610562 0.0018399854 2.7221098792
0.3960000000 0.7694199958 0.0017206618 2.7294698209
0.3980000000 0.7748927007 0.0015950464 2.7363524683
0.4000000000 0.7803781660 0.0014672081 2.7427326537
0.4020000000 0.7858753690 0.0013363907 2.7486014862
0.4040000000 0.7913832631 0.0012000748 2.7539470492
0.4060000000 0.7969007578 0.0010566093 2.7587473483
0.4080000000 0.8024267054 0.0009105417 2.7629737857
0.4100000000 0.8079599373 0.0007729408 2.7666159523
0.4120000000 0.8134993527 0.0006471189 2.7697077156
0.4140000000 0.8190439451 0.0004901029 2.7722961912
0.4160000000 0.8245924583 0.0004268143 2.7742566026
0.4180000000 0.8301443860 0.0003232834 2.7759638596
0.4200000000 0.8356989000 0.0002171162 2.7772569933
0.4220000000 0.8412551509 0.0001036609 2.7781254580
0.4240000000 0.8468122311 -0.0000191762 2.7785401017
0.4260000000 0.8523691579 -0.0001484539 2.7784633968
0.4280000000 0.8579248971 -0.0002751745 2.7778695811
0.4300000000 0.8634784349 -0.0003849780 2.7767688831
0.4320000000 0.8690288928 -0.0004764073 2.7752289710
0.4340000000 0.8745755395 -0.0005500572 2.7733233416
0.4360000000 0.8801177857 -0.0006133694 2.7711231127
0.4380000000 0.8856551250 -0.0006757837 2.7686696353
0.4400000000 0.8911870580 -0.0007436093 2.7659665003
0.4420000000 0.8967130421 -0.0008165314 2.7629920633
0.4440000000 0.9022324940 -0.0008835610 2.7597259379
0.4460000000 0.9077448774 -0.0009381122 2.7561916939
0.4480000000 0.9132497559 -0.0009777190 2.7524392452
0.4500000000 0.9187468126 -0.0010117814 2.7485283694
0.4520000000 0.9242357751 -0.0010521106 2.7444812437
0.4540000000 0.9297163207 -0.0011072358 2.7402728012
0.4560000000 0.9351880084 -0.0011807328 2.7358438579
0.4580000000 0.9406502503 -0.0012698448 2.7311209266
0.4600000000 0.9461023334 -0.0013625336 2.7260415476
0.4620000000 0.9515435162 -0.0014366305 2.7205914133
0.4640000000 0.9569732060 -0.0014640753 2.7148448914
0.4660000000 0.9623911831 -0.0014203394 2.7089885903
0.4680000000 0.9677977976 -0.0013114804 2.7033072326
0.4700000000 0.9731939202 -0.0011590269 2.6980613108
0.4720000000 0.9785807706 -0.0009944335 2.6934252032
0.4740000000 0.9839596656 -0.0008430587 2.6894474693
0.4760000000 0.9893318160 -0.0007201016 2.6860752347
0.4780000000 0.9946982057 -0.0006272723 2.6831948281
0.4800000000 1.0000595772 -0.0005581398 2.6806857389
0.4820000000 1.0054164835 -0.0004960702 2.6784531797
0.4840000000 1.0107694213 -0.0004306869 2.6764688990
0.4860000000 1.0161189136 -0.0003602150 2.6747461515
0.4880000000 1.0214655242 -0.0002873075 2.6733052916
0.4900000000 1.0268098363 -0.0002156637 2.6721560615
0.4920000000 1.0321524232 -0.0001491182 2.6712934065
0.4940000000 1.0374938170 -0.0000914322 2.6706969337
0.4960000000 1.0428344794 -0.0000393910 2.6703312049
0.4980000000 1.0481748267 0.0027941090 2.6701736411
0.5000000000 1.0535375269 0.0028514066 2.6813500770
0.5020000000 1.0589230383 0.0029015781 2.6927557032
0.5040000000 1.0643317623 0.0029518487 2.7043620157
0.5060000000 1.0697641011 0.0030081423 2.7161694106
0.5080000000 1.0752205051 0.0030751685 2.7282019797
0.5100000000 1.0807015104 0.0031568146 2.7405026536
0.5120000000 1.0862077702 0.0032565678 2.7531299121
0.5140000000 1.0917400826 0.0033782603 2.7661561833
0.5160000000 1.0972994210 0.0035275571 2.7796692244
0.5180000000 1.1028869799 0.0037129410 2.7937794526
0.5200000000 1.1085042424 0.0039401947 2.8086312167
0.5220000000 1.1141530264 0.0042074673 2.8243919957
0.5240000000 1.1198354701 0.0044975598 2.8412218649
0.5260000000 1.1255538943 0.0047707721 2.8592121040
0.5280000000 1.1313104847 0.0049657995 2.8782951925
0.5300000000 1.1371068015 0.0050282608 2.8981583904
0.5320000000 1.1429433443 0.0049393552 2.9182714336
0.5340000000 1.1488194020 0.0047468768 2.9380288542
0.5360000000 1.1547334348 0.0045153734 2.9570163615
0.5380000000 1.1606835905 0.0042922309 2.9750778551
0.5400000000 1.1666680840 0.0041023458 2.9922467787
0.5420000000 1.1726853964 0.0039537723 3.0086561617
0.5440000000 1.1787343389 0.0038443528 3.0244712508
0.5460000000 1.1848140362 0.0037661636 3.0398486621
0.5480000000 1.1909238628 0.0037085758 3.0549133164
0.5500000000 1.1970633581 0.0036655635 3.0697476197
0.5520000000 1.2032321778 0.0036348644 3.0844098738
0.5540000000 1.2094300765 0.0036143613 3.0989493313
0.5560000000 1.2156568900 0.0035936274 3.1134067764
0.5580000000 1.2219124526 0.0035524659 3.1277812858
0.5600000000 1.2281964349 0.0034639572 3.1419911495
0.5620000000 1.2345081288 0.0033162833 3.1558469782
0.5640000000 1.2408463531 0.0031075791 3.1691121113
0.5660000000 1.2472094379 0.0028734736 3.1815424278
0.5680000000 1.2535955106 0.0026508451 3.1930363222
0.5700000000 1.2600027900 0.0024557409 3.2036397027
0.5720000000 1.2664297153 0.0022887595 3.2134626665
0.5740000000 1.2728749507 0.0021429110 3.2226177044
0.5760000000 1.2793373294 0.0020082348 3.2311893485
0.5780000000 1.2858157740 0.0018741160 3.2392222875
0.5800000000 1.2923092115 0.0017334532 3.2467187514
0.5820000000 1.2988165166 0.0015844723 3.2536525641
0.5840000000 1.3053364975 0.0014321278 3.2599904534
0.5860000000 1.3118679355 0.0012748403 3.2657189646
0.5880000000 1.3184095721 0.0011086571 3.2708183259
0.5900000000 1.3249600780 0.0009346975 3.2752529544
0.5920000000 1.3315180615 0.0007707199 3.2789917445
0.5940000000 1.3380822108 0.0006228288 3.2820746242
0.5960000000 1.3446513426 0.0004906295 3.2845659394
0.5980000000 1.3512243995 0.0003669116 3.2865284573
0.6000000000 1.3578003918 0.0002428811 3.2879961036
0.6020000000 1.3643783270 0.0001102470 3.2889676279
0.6040000000 1.3709571442 -0.0000352942 3.2894086161
0.6060000000 1.3775356791 -0.0001887010 3.2892674392
0.6080000000 1.3841127044 -0.0003325705 3.2885126353
0.6100000000 1.3906870691 -0.0004499927 3.2871823534
0.6120000000 1.3972578339 -0.0005422961 3.2853823826
0.6140000000 1.4038242603 -0.0006177605 3.2832131982
0.6160000000 1.4103857446 -0.0006920515 3.2807421563
0.6180000000 1.4169416925 -0.0007747571 3.2779739502
0.6200000000 1.4234914423 -0.0008582927 3.2748749218
0.6220000000 1.4300343258 -0.0009291609 3.2714417509
0.6240000000 1.4365697760 -0.0009783924 3.2677251072
0.6260000000 1.4430973991 -0.0010191978 3.2638115378
0.6280000000 1.4496168686 -0.0010707313 3.2597347467
0.6300000000 1.4561277722 -0.0011454473 3.2554518216
0.6320000000 1.4626295123 -0.0012452066 3.2508700324
0.6340000000 1.4691212907 -0.0013562229 3.2458892061
0.6360000000 1.4756022194 -0.0014443519 3.2404643145
0.6380000000 1.4820715932 -0.0014621775 3.2346869068
0.6400000000 1.4885292696 -0.0013795848 3.2288381968
0.6420000000 1.4949759093 -0.0012158281 3.2233198575
0.6440000000 1.5014128224 -0.0010197437 3.2184565452
0.6460000000 1.5078415775 -0.0008376197 3.2143775704
0.6480000000 1.5142636317 -0.0006959153 3.2110270914
0.6500000000 1.5206801185 -0.0005959158 3.2082434301
0.6520000000 1.5270918381 -0.0005195648 3.2058597668
0.6540000000 1.5334994011 -0.0004426765 3.2037815076
0.6560000000 1.5399034227 -0.0003586840 3.2020108015
0.6580000000 1.5463045748 -0.0002714257 3.2005760655
0.6600000000 1.5527035556 -0.0001872324 3.1994903626
0.6620000000 1.5591010384 -0.0001127796 3.1987414330
0.6640000000 1.5654976191 -0.0000493882 3.1982903146
0.6660000000 1.5718938046 0.0027924412 3.1980927618
0.6680000000 1.5783123296 0.0028597881 3.2092625265
0.6700000000 1.5847537330 0.0029191371 3.2207016790
0.6720000000 1.5912184894 0.0029822637 3.2323782272
0.6740000000 1.5977071040 0.0030580019 3.2443072819
0.6760000000 1.6042201826 0.0031298341 3.2565392896
0.6780000000 1.6107582998 0.0032737730 3.2690586259
0.6800000000 1.6173226073 0.0034261731 3.2821537181
0.6820000000 1.6239143241 0.0036210735 3.2958584106
0.6840000000 1.6305350095 0.0038712886 3.3103427048
0.6860000000 1.6371866652 0.0041784110 3.3258278593
0.6880000000 1.6438717482 0.0045193364 3.3425415035
0.6900000000 1.6505929859 0.0048297686 3.3606188493
0.6920000000 1.6573528618 0.0050104139 3.3799379239
0.6940000000 1.6641528209 0.0049927697 3.3999795794
0.6960000000 1.6709927222 0.0047999038 3.4199506581
0.6980000000 1.6778710228 0.0045340967 3.4391502734
0.7000000000 1.6847855961 0.0042752177 3.4572866602
0.7020000000 1.6917343712 0.0040626253 3.4743875311
0.7040000000 1.6987156472 0.0039058349 3.4906380323
0.7060000000 1.7057281700 0.0037979583 3.5062613719
0.7080000000 1.7127710764 0.0037241200 3.5214532051
0.7100000000 1.7198437758 0.0036712458 3.5363496851
0.7120000000 1.7269458451 0.0036354522 3.5510346684
0.7140000000 1.7340769981 0.0036126247 3.5655764774
0.7160000000 1.7412370520 0.0035855770 3.5800269760
0.7180000000 1.7484257906 0.0035206912 3.5943692842
0.7200000000 1.7556426947 0.0033835814 3.6084520491
0.7220000000 1.7628866674 0.0031651849 3.6219863746
0.7240000000 1.7701559617 0.0028993897 3.6346471141
0.7260000000 1.7774484510 0.0026443996 3.6462446728
0.7280000000 1.7847620955 0.0024253437 3.6568222711
0.7300000000 1.7920951428 0.0022417357 3.6665236460
0.7320000000 1.7994461240 0.0020817263 3.6754905888
0.7340000000 1.8068137590 0.0019299557 3.6838174941
0.7360000000 1.8141968336 0.0017725440 3.6915373168
0.7380000000 1.8215940886 0.0016050726 3.6986274927
0.7400000000 1.8290041842 0.0014320730 3.7050477831
0.7420000000 1.8364257363 0.0012526786 3.7107760752
0.7440000000 1.8438573099 0.0010615058 3.7157867898
0.7460000000 1.8512973755 0.0008668664 3.7200328132
0.7480000000 1.8587443761 0.0006885715 3.7235002789
0.7500000000 1.8661968852 0.0005324109 3.7262545651
0.7520000000 1.8736536536 0.0003904872 3.7283842087
0.7540000000 1.8811135460 0.0002501904 3.7299461574
0.7560000000 1.8885754398 0.0000993462 3.7309469189
0.7580000000 1.8960381284 -0.0000678641 3.7313443038
0.7600000000 1.9035002741 -0.0002411625 3.7310728474
0.7620000000 1.9109604905 -0.0003919434 3.7301081975
0.7640000000 1.9184175713 -0.0005092197 3.7285404240
0.7660000000 1.9258705784 -0.0005989890 3.7265035452
0.7680000000 1.9333187936 -0.0006827886 3.7241075892
0.7700000000 1.9407615465 -0.0007764091 3.7213764347
0.7720000000 1.9481980881 -0.0008704872 3.7182707983
0.7740000000 1.9556276658 -0.0009449835 3.7147888494
0.7760000000 1.9630496836 -0.0009949917 3.7110089155
0.7780000000 1.9704637415 -0.0010453460 3.7070289489
0.7800000000 1.9778694366 -0.0011200489 3.7028475648
0.7820000000 1.9852661714 -0.0012277323 3.6983673694
0.7840000000 1.9926530843 -0.0013536508 3.6934564401
0.7860000000 2.0000291679 -0.0014502098 3.6880418368
0.7880000000 2.0073936499 -0.0014481614 3.6822409976
0.7900000000 2.0147465466 -0.0013191727 3.6764483519
0.7920000000 2.0220888900 -0.0011083292 3.6711716609
0.7940000000 2.0294223666 -0.0008902527 3.6667383441
0.7960000000 2.0367487213 -0.0007164471 3.6631773333
0.7980000000 2.0440693444 -0.0005978295 3.6603115448
0.8000000000 2.0513851848 -0.0005106921 3.6579202267
0.8020000000 2.0586969398 -0.0004214214 3.6558774583
0.8040000000 2.0660053233 -0.0003235976 3.6541917729
0.8060000000 2.0733111181 -0.0002246773 3.6528973825
0.8080000000 2.0806151154 -0.0001343549 3.6519986732
0.8100000000 2.0879180379 -0.0000597511 3.6514612536
0.8120000000 2.0952204824 0.0027503145 3.6512222491
0.8140000000 2.1025449294 0.0028663024 3.6622235070
0.8160000000 2.1098923069 0.0029341017 3.6736887168
0.8180000000 2.1172631571 0.0030096605 3.6854251235
0.8200000000 2.1246580847 0.0031050179 3.6974637656
0.8220000000 2.1320778523 0.0032294067 3.7098838370
0.8240000000 2.1395234553 0.0033915986 3.7228014640
0.8260000000 2.1469961910 0.0036049837 3.7363678585
0.8280000000 2.1544977666 0.0038879040 3.7507877935
0.8300000000 2.1620304454 0.0042421456 3.7663394095
0.8320000000 2.1695970614 0.0046269115 3.7833079918
0.8340000000 2.1772006926 0.0049339508 3.8018156380
0.8360000000 2.1848437955 0.0050287917 3.8215514414
0.8380000000 2.1925271287 0.0048719601 3.8416666082
0.8400000000 2.2002494376 0.0045839832 3.8611544487
0.8420000000 2.2080084184 0.0042897161 3.8794903815
0.8440000000 2.2158017169 0.0040516582 3.8966492461
0.8460000000 2.2236274286 0.0038834516 3.9128558787
0.8480000000 2.2314842080 0.0037736394 3.9283896850
0.8500000000 2.2393711765 0.0037004565 3.9434842425
0.8520000000 2.2472877486 0.0036511625 3.9582860684
0.8540000000 2.2552335301 0.0036208731 3.9728907184
0.8560000000 2.2632082785 0.0035949128 3.9873742107
0.8580000000 2.2712117862 0.0035326322 4.0017538619
0.8600000000 2.2792435550 0.0033849554 4.0158843905
0.8620000000 2.2873024034 0.0031377079 4.0294242120
0.8640000000 2.2953863535 0.0028412184 4.0419750435
0.8660000000 2.3034930333 0.0025679833 4.0533399170
0.8680000000 2.3116202570 0.0023410529 4.0636118503
0.8700000000 2.3197662092 0.0021522721 4.0729760620
0.8720000000 2.3279293795 0.0019824163 4.0815851505
0.8740000000 2.3361084091 0.0018104963 4.0895148157
0.8760000000 2.3443019227 0.0016268847 4.0967568010
0.8780000000 2.3525084514 0.0014355207 4.1032643398
0.8800000000 2.3607264642 0.0012364079 4.1090064228
0.8820000000 2.3689543683 0.0010227241 4.1139520545
0.8840000000 2.3771904542 0.0008107401 4.1180429511
0.8860000000 2.3854330261 0.0006225212 4.1212859116
0.8880000000 2.3936805781 0.0004586288 4.1237759963
0.8900000000 2.4019317991 0.0003043163 4.1256105115
0.8920000000 2.4101854546 0.0001423960 4.1268277766
0.8940000000 2.4184402494 -0.0000386782 4.1273973604
0.8960000000 2.4266947347 -0.0002304814 4.1272426477
0.8980000000 2.4349473761 -0.0003971708 4.1263207220
0.9000000000 2.4431968402 -0.0005233549 4.1247320389
0.9020000000 2.4514421174 -0.0006195968 4.1226386192
0.9040000000 2.4596824379 -0.0007148693 4.1201602322
0.9060000000 2.4679170394 -0.0008220643 4.1173007552
0.9080000000 2.4761450644 -0.0009168439 4.1140124980
0.9100000000 2.4843657546 -0.0009800238 4.1103451224
0.9120000000 2.4925786047 -0.0010329298 4.1064250271
0.9140000000 2.5007831913 -0.0011106884 4.1022933080
0.9160000000 2.5089788924 -0.0012284152 4.0978505543
0.9180000000 2.5171647662 -0.0013669746 4.0929368933
0.9200000000 2.5253397042 -0.0014597514 4.0874689949
0.9220000000 2.5335029642 -0.0014158705 4.0816299895
0.9240000000 2.5416548972 -0.0012284282 4.0759665074
0.9260000000 2.5497970028 -0.0009819680 4.0710527946
0.9280000000 2.5579312526 -0.0007665143 4.0671249226
0.9300000000 2.5660593703 -0.0006191722 4.0640588654
0.9320000000 2.5741825347 -0.0005197225 4.0615821764
0.9340000000 2.5823015413 -0.0004212499 4.0595032865
0.9360000000 2.5904171778 -0.0003124699 4.0578182869
0.9380000000 2.5985303147 -0.0002036143 4.0565684075
0.9400000000 2.6066418226 -0.0001081221 4.0557539504
0.9420000000 2.6147524655 -0.0000290349 4.0553214621
0.9440000000 2.6228628761 0.0028368835 4.0552053225
0.9460000000 2.6309959818 0.0029133481 4.0665528564
0.9480000000 2.6391523943 0.0029928021 4.0782062490
0.9500000000 2.6473327493 0.0030933671 4.0901774572
0.9520000000 2.6555378511 0.0032280732 4.1025509254
0.9540000000 2.6637687775 0.0034087116 4.1154632184
0.9560000000 2.6720269737 0.0036537215 4.1290980648
0.9580000000 2.6803143996 0.0039854493 4.1437129507
0.9600000000 2.6886337091 0.0043949837 4.1596547479
0.9620000000 2.6969881784 0.0047974315 4.1772346826
0.9640000000 2.7053810272 0.0050191392 4.1964244085
0.9660000000 2.7138140292 0.0049373280 4.2165009653
0.9680000000 2.7222865297 0.0046435688 4.2362502775
0.9700000000 2.7307961788 0.0043164040 4.2548245528
0.9720000000 2.7393403592 0.0040514906 4.2720901687
0.9740000000 2.7479169514 0.0038701226 4.2882961312
0.9760000000 2.7565245047 0.0037565931 4.3037766214
0.9780000000 2.7651621107 0.0036827409 4.3188029940
0.9800000000 2.7738291786 0.0036358788 4.3335339574
0.9820000000 2.7825253335 0.0034522651 4.3480774726
0.9840000000 2.7912491066 0.0035655268 4.3618865331
0.9860000000 2.8000014039 0.0034444891 4.3761486404
0.9880000000 2.8087812571 0.0032081885 4.3899265968
0.9900000000 2.8175867758 0.0028891082 4.4027593507
0.9920000000 2.8264154073 0.0025862490 4.4143157837
0.9940000000 2.8352647289 0.0023373384 4.4246607798
0.9960000000 2.8441327492 0.0021333532 4.4340101333
0.9980000000 2.8530178363 0.0019492789 4.4425435462
1.0000000000 2.8619185176 0.0017598246 4.4503406620
